    2: {
    },
    3: {
        '1s': {
            'delta': [4.3069, 2.4573, 6.785, 7.4527, 1.8504, 0.7667, 0.6364],
            'coeff': [0.141279, 0.874231, -0.005201, -0.002307, 0.006985, -0.000305, 0.00076],
            'n': [1, 1, 3, 2, 2, 2, 2]
        },
        '2s': {
            'delta': [4.3069, 2.4573, 6.785, 7.4527, 1.8504, 0.7667, 0.6364],
            'coeff': [-0.022416, -0.135791, 0.000389, -6.8e-05, -0.076544, 0.340542, 0.715708],
            'n': [1, 1, 3, 2, 2, 2, 2]
        },
    },
    4: {
        '1s': {
            'delta': [5.7531, 3.7156, 9.967, 3.7128, 4.4661, 1.2919, 0.8555],
            'coeff': [0.285107, 0.474813, -0.00162, 0.052852, 0.243499, 0.000106, -3.2e-05],
            'n': [1, 1, 3, 3, 2, 2, 2]
        },
        '2s': {
            'delta': [5.7531, 3.7156, 9.967, 3.7128, 4.4661, 1.2919, 0.8555],
            'coeff': [-0.016378, -0.155066, 0.000426, -0.059234, -0.031925, 0.387968, 0.685674],
            'n': [1, 1, 3, 3, 2, 2, 2]
        },
    },
    5: {
        '1s': {
            'delta': [7.0178, 3.9468, 12.7297, 2.7646, 5.742, 1.5436, 1.0802],
            'coeff': [0.381607, 0.423958, -0.001316, -0.000822, 0.237016, 0.001062, -0.000137],
            'n': [1, 1, 3, 3, 2, 2, 2]
        },
        '2s': {
            'delta': [7.0178, 3.9468, 12.7297, 2.7646, 5.742, 1.5436, 1.0802],
            'coeff': [-0.022549, 0.321716, -0.000452, -0.072032, -0.050313, -0.484281, -0.518986],
            'n': [1, 1, 3, 3, 2, 2, 2]
        },
        '2p': {
            'delta': [5.7416, 2.6341, 1.834, 1.1919, 0.8494],
            'coeff': [0.0076, 0.045137, 0.184206, 0.394754, 0.432795],
            'n': [2, 2, 2, 2, 2]
        },
    },
    6: {
        '1s': {
            'delta': [8.4936, 4.8788, 15.466, 7.05, 2.264, 1.4747, 1.1639],
            'coeff': [0.352872, 0.473621, -0.001199, 0.210887, 0.000886, 0.000465, -0.000119],
            'n': [1, 1, 3, 2, 2, 2, 2]
        },
        '2s': {
            'delta': [8.4936, 4.8788, 15.466, 7.05, 2.264, 1.4747, 1.1639],
            'coeff': [-0.071727, 0.438307, -0.000383, -0.091194, -0.393105, -0.579121, -0.126067],
            'n': [1, 1, 3, 2, 2, 2, 2]
        },
        '2p': {
            'delta': [7.05, 3.2275, 2.1908, 1.4413, 1.0242],
            'coeff': [0.006977, 0.070877, 0.230802, 0.411931, 0.350701],
            'n': [2, 2, 2, 2, 2]
        },
    },
    7: {
        '1s': {
            'delta': [9.9051, 5.7429, 17.9816, 8.3087, 2.7611, 1.8223, 1.4191],
            'coeff': [0.354839, 0.472579, -0.001038, 0.208492, 0.001687, 0.000206, 6.4e-05],
            'n': [1, 1, 3, 2, 2, 2, 2]
        },
        '2s': {
            'delta': [9.9051, 5.7429, 17.9816, 8.3087, 2.7611, 1.8223, 1.4191],
            'coeff': [-0.067498, 0.434142, -0.000315, -0.080331, -0.374128, -0.522775, -0.207735],
            'n': [1, 1, 3, 2, 2, 2, 2]
        },
        '2p': {
            'delta': [8.349, 3.8827, 2.592, 1.6946, 1.1914],
            'coeff': [0.006323, 0.082938, 0.260147, 0.418361, 0.308272],
            'n': [2, 2, 2, 2, 2]
        },
    },
    8: {
        '1s': {
            'delta': [11.297, 6.5966, 20.5019, 9.5546, 3.2482, 2.1608, 1.6411],
            'coeff': [0.360063, 0.466625, -0.000918, 0.208441, 0.002018, 0.000216, 0.000133],
            'n': [1, 1, 3, 2, 2, 2, 2]
        },
        '2s': {
            'delta': [11.297, 6.5966, 20.5019, 9.5546, 3.2482, 2.1608, 1.6411],
            'coeff': [-0.064363, 0.433186, -0.000275, -0.072497, -0.3699, -0.512627, -0.227421],
            'n': [1, 1, 3, 2, 2, 2, 2]
        },
        '2p': {
            'delta': [9.6471, 4.3323, 2.7502, 1.7525, 1.2473],
            'coeff': [0.005626, 0.126618, 0.328966, 0.395422, 0.231788],
            'n': [2, 2, 2, 2, 2]
        },
    },
    9: {
        '1s': {
            'delta': [12.6074, 7.4101, 23.2475, 10.7416, 3.7543, 2.5009, 1.8577],
            'coeff': [0.377498, 0.443947, -0.000797, 0.213846, 0.002183, 0.000335, 0.000147],
            'n': [1, 1, 3, 2, 2, 2, 2]
        },
        '2s': {
            'delta': [12.6074, 7.4101, 23.2475, 10.7416, 3.7543, 2.5009, 1.8577],
            'coeff': [-0.058489, 0.42645, -0.000274, -0.063457, -0.358939, -0.51666, -0.239143],
            'n': [1, 1, 3, 2, 2, 2, 2]
        },
        '2p': {
            'delta': [11.0134, 4.9962, 3.154, 1.9722, 1.3632],
            'coeff': [0.004879, 0.130794, 0.337876, 0.396122, 0.225374],
            'n': [2, 2, 2, 2, 2]
        },
    },
    10: {
        '1s': {
            'delta': [13.9074, 8.2187, 26.0325, 11.9249, 4.2635, 2.8357, 2.0715],
            'coeff': [0.39229, 0.425817, -0.000702, 0.217206, 0.0023, 0.000463, 0.000147],
            'n': [1, 1, 3, 2, 2, 2, 2]
        },
        '2s': {
            'delta': [13.9074, 8.2187, 26.0325, 11.9249, 4.2635, 2.8357, 2.0715],
            'coeff': [-0.053023, 0.419502, -0.000263, -0.055723, -0.349457, -0.52307, -0.246038],
            'n': [1, 1, 3, 2, 2, 2, 2]
        },
        '2p': {
            'delta': [0.004391, 0.133955, 0.342978, 0.395742, 0.221831],
            'coeff': [0.0, 0.0, 0.0, 0.0, 0.0],
            'n': [2, 2, 2, 2, 2]
        },
    },
    11: {
        '1s': {
            'delta': [15.3319, 9.0902, 13.2013, 4.7444, 3.1516, 2.4047, 28.4273, 1.3179, 0.8911, 0.6679],
            'coeff': [0.387167, 0.434278, 0.213027, 0.002205, 0.000627, -4.4e-05, -0.000649, 2.6e-05, -2.3e-05, 8e-06],
            'n': [1, 1, 2, 2, 2, 2, 3, 3, 3, 3]
        },
        '2s': {
            'delta': [15.3319, 9.0902, 13.2013, 4.7444, 3.1516, 2.4047, 28.4273, 1.3179, 0.8911, 0.6679],
            'coeff': [0.053722, -0.430794, 0.053654, 0.347971, 0.60889, 0.157462, 0.00028, -0.000492, 0.000457, 1.6e-05],
            'n': [1, 1, 2, 2, 2, 2, 3, 3, 3, 3]
        },
        '3s': {
            'delta': [15.3319, 9.0902, 13.2013, 4.7444, 3.1516, 2.4047, 28.4273, 1.3179, 0.8911, 0.6679],
            'coeff': [0.011568, -0.07243, 0.011164, 0.057679, 0.089837, 0.042114, -1e-06, -0.182627, -0.471631, -0.408817],
            'n': [1, 1, 2, 2, 2, 2, 3, 3, 3, 3]
        },
        '2p': {
            'delta': [13.6175, 6.2193, 3.838, 2.3633, 1.5319],
            'coeff': [0.004308, 0.157824, 0.388545, 0.489339, 0.039759],
            'n': [2, 2, 2, 2, 2]
        },
    },
    12: {
        '1s': {
            'delta': [17.0241, 10.0727, 14.6751, 5.1514, 3.487, 2.5249, 29.9018, 1.7568, 1.1659, 0.8244],
            'coeff': [0.352464, 0.481225, 0.198592, 0.002259, 0.000556, -0.000136, -0.000669, 5.6e-05, -3.3e-05, 1.1e-05],
            'n': [1, 1, 2, 2, 2, 2, 3, 3, 3, 3]
        },
        '2s': {
            'delta': [17.0241, 10.0727, 14.6751, 5.1514, 3.487, 2.5249, 29.9018, 1.7568, 1.1659, 0.8244],
            'coeff': [0.059265, -0.447481, 0.055907, 0.355163, 0.696633, 0.05844, 0.000283, -0.001173, 0.000277, -5.9e-05],
            'n': [1, 1, 2, 2, 2, 2, 3, 3, 3, 3]
        },
        '3s': {
            'delta': [17.0241, 10.0727, 14.6751, 5.1514, 3.487, 2.5249, 29.9018, 1.7568, 1.1659, 0.8244],
            'coeff': [0.016053, -0.096426, 0.014785, 0.07739, 0.110979, 0.08287, 1e-05, -0.232777, -0.494745, -0.378869],
            'n': [1, 1, 2, 2, 2, 2, 3, 3, 3, 3]
        },
        '2p': {
            'delta': [14.9021, 6.8076, 4.1426, 2.7152, 1.4623],
            'coeff': [0.004178, 0.175692, 0.420054, 0.456246, 0.012155],
            'n': [2, 2, 2, 2, 2]
        },
    },
    13: {
        '1s': {
            'delta': [18.1792, 10.8835, 15.7593, 5.76, 4.0085, 2.8676, 33.5797, 2.1106, 1.3998, 1.0003],
            'coeff': [0.373865, 0.456146, 0.20256, 0.001901, 0.000823, -0.000267, -0.00056, 8.3e-05, -4.4e-05, 1.3e-05],
            'n': [1, 1, 2, 2, 2, 2, 3, 3, 3, 3]
        },
        '2s': {
            'delta': [18.1792, 10.8835, 15.7593, 5.76, 4.0085, 2.8676, 33.5797, 2.1106, 1.3998, 1.0003],
            'coeff': [0.061165, -0.460373, 0.055062, 0.297052, 0.750997, 0.064079, 0.00027, -0.001972, 0.000614, -6.4e-05],
            'n': [1, 1, 2, 2, 2, 2, 3, 3, 3, 3]
        },
        '3s': {
            'delta': [18.1792, 10.8835, 15.7593, 5.76, 4.0085, 2.8676, 33.5797, 2.1106, 1.3998, 1.0003],
            'coeff': [0.020024, -0.119051, 0.017451, 0.079185, 0.130917, 0.139113, 3.8e-05, -0.30375, -0.547941, -0.285949],
            'n': [1, 1, 2, 2, 2, 2, 3, 3, 3, 3]
        },
        '2p': {
            'delta': [14.4976, 6.6568, 4.2183, 3.0026],
            'coeff': [0.01548, 0.204774, 0.474317, 0.339646],
            'n': [2, 2, 2, 2]
        },
        '3p': {
            'delta': [11.0822, 1.6784, 1.0788, 0.7494],
            'coeff': [0.02429, 0.003529, -0.000204, 0.000199],
            'n': [3, 3, 3, 3]
        },
    },
    14: {
        '1s': {
            'delta': [19.5017, 11.7539, 16.9664, 6.3693, 4.5748, 3.3712, 36.5764, 2.4996, 1.6627, 1.1812],
            'coeff': [0.377006, 0.454461, 0.200676, 0.00149, 0.001201, -0.000454, -0.000507, 0.000103, -5.3e-05, 1.3e-05],
            'n': [1, 1, 2, 2, 2, 2, 3, 3, 3, 3]
        },
        '2s': {
            'delta': [19.5017, 11.7539, 16.9664, 6.3693, 4.5748, 3.3712, 36.5764, 2.4996, 1.6627, 1.1812],
            'coeff': [0.064222, -0.472631, 0.055383, 0.233799, 0.781919, 0.096627, 0.000257, -0.001832, 0.000879, -3.3e-05],
            'n': [1, 1, 2, 2, 2, 2, 3, 3, 3, 3]
        },
        '3s': {
            'delta': [19.5017, 11.7539, 16.9664, 6.3693, 4.5748, 3.3712, 36.5764, 2.4996, 1.6627, 1.1812],
            'coeff': [0.023528, -0.136207, 0.019663, 0.074362, 0.12258, 0.20618, 4.8e-05, -0.319063, -0.562578, -0.280471],
            'n': [1, 1, 2, 2, 2, 2, 3, 3, 3, 3]
        },
        '2p': {
            'delta': [15.7304, 7.2926, 4.6514, 3.3983],
            'coeff': [0.015661, 0.196557, 0.510448, 0.303956],
            'n': [2, 2, 2, 2]
        },
        '3p': {
            'delta': [12.0786, 2.0349, 1.3221, 0.9143],
            'coeff': [0.025586, 0.003153, 0.000167, 0.000156],
            'n': [3, 3, 3, 3]
        },
    },
    15: {
        '1s': {
            'delta': [20.8264, 12.6329, 18.1768, 6.9865, 5.134, 3.7311, 39.5397, 2.9558, 1.9407, 1.3616],
            'coeff': [0.378728, 0.454633, 0.198318, 0.001102, 0.0015, -0.000594, -0.000464, 0.00013, -5.7e-05, 1.1e-05],
            'n': [1, 1, 2, 2, 2, 2, 3, 3, 3, 3]
        },
        '2s': {
            'delta': [20.8264, 12.6329, 18.1768, 6.9865, 5.134, 3.7311, 39.5397, 2.9558, 1.9407, 1.3616],
            'coeff': [0.067068, -0.483053, 0.055573, 0.172637, 0.826915, 0.114274, 0.000249, -0.00328, 0.001381, -2.3e-05],
            'n': [1, 1, 2, 2, 2, 2, 3, 3, 3, 3]
        },
        '3s': {
            'delta': [20.8264, 12.6329, 18.1768, 6.9865, 5.134, 3.7311, 39.5397, 2.9558, 1.9407, 1.3616],
            'coeff': [0.026409, -0.149611, 0.021237, 0.065512, 0.119933, 0.273929, 5.7e-05, -0.321673, -0.583392, -0.29377],
            'n': [1, 1, 2, 2, 2, 2, 3, 3, 3, 3]
        },
        '2p': {
            'delta': [20.2974, 9.3161, 5.5199, 3.9517],
            'coeff': [0.000934, 0.158097, 0.499724, 0.389661],
            'n': [2, 2, 2, 2]
        },
        '3p': {
            'delta': [15.5633, 2.2826, 1.4968, 1.0527],
            'coeff': [-0.004175, 0.003823, -0.000307, 0.000144],
            'n': [3, 3, 3, 3]
        },
    },
    16: {
        '1s': {
            'delta': [22.2949, 13.5666, 19.4969, 7.5145, 5.7222, 4.2264, 42.1787, 3.3088, 2.1707, 1.514],
            'coeff': [0.367468, 0.471254, 0.19203, 0.000539, 0.002074, -0.000864, -0.000442, 0.000163, -7.3e-05, 1.4e-05],
            'n': [1, 1, 2, 2, 2, 2, 3, 3, 3, 3]
        },
        '2s': {
            'delta': [22.2949, 13.5666, 19.4969, 7.5145, 5.7222, 4.2264, 42.1787, 3.3088, 2.1707, 1.514],
            'coeff': [0.070509, -0.492518, 0.056472, 0.114779, 0.846899, 0.150553, 0.000233, -0.002483, 0.00158, 4.5e-05],
            'n': [1, 1, 2, 2, 2, 2, 3, 3, 3, 3]
        },
        '3s': {
            'delta': [22.2949, 13.5666, 19.4969, 7.5145, 5.7222, 4.2264, 42.1787, 3.3088, 2.1707, 1.514],
            'coeff': [0.028833, -0.160596, 0.022476, 0.056607, 0.107272, 0.326955, 6.7e-05, -0.337632, -0.60271, -0.272978],
            'n': [1, 1, 2, 2, 2, 2, 3, 3, 3, 3]
        },
        '2p': {
            'delta': [22.6414, 10.4197, 6.116, 4.4156],
            'coeff': [-0.000466, 0.141231, 0.501894, 0.403324],
            'n': [2, 2, 2, 2]
        },
        '3p': {
            'delta': [17.3448, 2.6496, 1.6975, 1.1477],
            'coeff': [-0.006509, 0.004375, 0.000225, 0.000315],
            'n': [3, 3, 3, 3]
        },
    },
    17: {
        '1s': {
            'delta': [23.7918, 14.4872, 20.8326, 9.4342, 6.416, 4.7671, 44.4484, 3.5704, 2.3743, 1.661],
            'coeff': [0.357615, 0.484997, 0.187615, -0.000352, 0.002796, -0.001073, -0.000427, 0.000168, -8.9e-05, 1.7e-05],
            'n': [1, 1, 2, 2, 2, 2, 3, 3, 3, 3]
        },
        '2s': {
            'delta': [23.7918, 14.4872, 20.8326, 9.4342, 6.416, 4.7671, 44.4484, 3.5704, 2.3743, 1.661],
            'coeff': [0.072699, -0.499909, 0.056841, 0.013158, 0.883708, 0.214427, 0.000223, -0.001859, 0.002, 2.4e-05],
            'n': [1, 1, 2, 2, 2, 2, 3, 3, 3, 3]
        },
        '3s': {
            'delta': [23.7918, 14.4872, 20.8326, 9.4342, 6.416, 4.7671, 44.4484, 3.5704, 2.3743, 1.661],
            'coeff': [0.032061, -0.172436, 0.024503, 0.018179, 0.140693, 0.342425, 6.4e-05, -0.35316, -0.600895, -0.254301],
            'n': [1, 1, 2, 2, 2, 2, 3, 3, 3, 3]
        },
        '2p': {
            'delta': [24.4396, 11.4909, 6.6724, 4.8559],
            'coeff': [-0.001409, 0.12906, 0.511775, 0.404231],
            'n': [2, 2, 2, 2]
        },
        '3p': {
            'delta': [18.9808, 2.9926, 1.897, 1.2586],
            'coeff': [-0.007959, 0.00477, 0.000703, 0.000479],
            'n': [3, 3, 3, 3]
        },
    },
    18: {
        '1s': {
            'delta': [25.5708, 15.6262, 22.3994, 10.53, 7.0534, 5.412, 46.7052, 3.7982, 2.5495, 1.7965],
            'coeff': [0.316405, 0.54276, 0.167691, 0.000408, 0.002431, -0.000861, -0.000422, 6.6e-05, -6.1e-05, 9e-06],
            'n': [1, 1, 2, 2, 2, 2, 3, 3, 3, 3]
        },
        '2s': {
            'delta': [25.5708, 15.6262, 22.3994, 10.53, 7.0534, 5.412, 46.7052, 3.7982, 2.5495, 1.7965],
            'coeff': [0.079148, -0.507823, 0.0599, -0.026389, 0.832638, 0.295522, 0.000217, 0.002203, 0.001423, 0.000186],
            'n': [1, 1, 2, 2, 2, 2, 3, 3, 3, 3]
        },
        '3s': {
            'delta': [25.5708, 15.6262, 22.3994, 10.53, 7.0534, 5.412, 46.7052, 3.7982, 2.5495, 1.7965],
            'coeff': [0.035512, -0.181267, 0.0265, 0.00628, 0.111836, 0.385604, 7e-05, -0.376901, -0.593561, -0.229971],
            'n': [1, 1, 2, 2, 2, 2, 3, 3, 3, 3]
        },
        '2p': {
            'delta': [26.6358, 12.7337, 7.3041, 5.3353],
            'coeff': [0.002436, -0.114774, -0.503175, -0.427033],
            'n': [2, 2, 2, 2]
        },
        '3p': {
            'delta': [20.7765, 3.3171, 2.0947, 1.378],
            'coeff': [0.009669, -0.004825, 0.000231, -9.8e-05],
            'n': [3, 3, 3, 3]
        },
    },
    19: {
        '1s': {
            'delta': [16.9317, 23.6708, 6.772, 20.5358, 4.0061, 2.411, 8.4209, 3.7899, 1.4301, 0.945, 0.6607],
            'coeff': [1.160058, -0.107236, 0.001693, -0.079291, -0.000214, -5.2e-05, -0.000393, 0.000116, 8e-06, -5e-06, 2e-06],
            'n': [1, 2, 2, 3, 3, 3, 4, 4, 4, 4, 4]
        },
        '2s': {
            'delta': [16.9317, 23.6708, 6.772, 20.5358, 4.0061, 2.411, 8.4209, 3.7899, 1.4301, 0.945, 0.6607],
            'coeff': [-0.333245, -0.019653, 1.155997, -0.033718, 0.018576, 0.002574, -0.07985, -0.007017, -0.000286, 0.000178, -6.4e-05],
            'n': [1, 2, 2, 3, 3, 3, 4, 4, 4, 4, 4]
        },
        '3s': {
            'delta': [16.9317, 23.6708, 6.772, 20.5358, 4.0061, 2.411, 8.4209, 3.7899, 1.4301, 0.945, 0.6607],
            'coeff': [-0.109835, -0.009458, 0.451036, -0.016074, -0.397462, -0.569061, 0.0378, -0.187652, -0.007578, 0.001939, -0.000781],
            'n': [1, 2, 2, 3, 3, 3, 4, 4, 4, 4, 4]
        },
        '4s': {
            'delta': [16.9317, 23.6708, 6.772, 20.5358, 4.0061, 2.411, 8.4209, 3.7899, 1.4301, 0.945, 0.6607],
            'coeff': [0.021207, 0.0019, -0.088672, 0.003193, 0.092956, 0.106797, -0.009891, 0.04567, -0.168271, -0.520283, -0.40236],
            'n': [1, 2, 2, 3, 3, 3, 4, 4, 4, 4, 4]
        },
        '2p': {
            'delta': [26.2044, 11.1009, 5.6095, 2.4374],
            'coeff': [0.001861, 0.366438, 0.380621, 0.002983],
            'n': [2, 2, 2, 2]
        },
        '3p': {
            'delta': [8.7158, 1.9702, 1.3184],
            'coeff': [0.311226, -0.000488, 7.1e-05],
            'n': [3, 3, 3]
        },
    },
    20: {
        '1s': {
            'delta': [17.667, 24.5295, 7.2525, 21.3493, 3.6185, 2.6126, 8.7808, 6.0113, 1.577, 1.0566, 0.7584],
            'coeff': [1.176575, -0.119414, 0.00073, -0.086509, 0.000185, -9.7e-05, 0.000145, -0.000317, 2.1e-05, -1.5e-05, 5e-06],
            'n': [1, 2, 2, 3, 3, 3, 4, 4, 4, 4, 4]
        },
        '2s': {
            'delta': [17.667, 24.5295, 7.2525, 21.3493, 3.6185, 2.6126, 8.7808, 6.0113, 1.577, 1.0566, 0.7584],
            'coeff': [-0.341543, -0.019904, 1.15057, -0.033142, -0.000762, 0.001467, -0.068959, 0.016219, -0.000184, 0.000124, -4.4e-05],
            'n': [1, 2, 2, 3, 3, 3, 4, 4, 4, 4, 4]
        },
        '3s': {
            'delta': [17.667, 24.5295, 7.2525, 21.3493, 3.6185, 2.6126, 8.7808, 6.0113, 1.577, 1.0566, 0.7584],
            'coeff': [-0.117803, -0.010168, 0.468206, -0.016715, -0.640251, -0.441778, 0.043103, -0.064309, -0.001947, 0.000314, -5.8e-05],
            'n': [1, 2, 2, 3, 3, 3, 4, 4, 4, 4, 4]
        },
        '4s': {
            'delta': [17.667, 24.5295, 7.2525, 21.3493, 3.6185, 2.6126, 8.7808, 6.0113, 1.577, 1.0566, 0.7584],
            'coeff': [0.028125, 0.002534, -0.11388, 0.004109, 0.179379, 0.115506, -0.014022, 0.020813, -0.331747, -0.522462, -0.257798],
            'n': [1, 2, 2, 3, 3, 3, 4, 4, 4, 4, 4]
        },
        '2p': {
            'delta': [28.8909, 11.9319, 6.0967, 2.5605],
            'coeff': [0.0014, 0.348898, 0.40654, 0.00342],
            'n': [2, 2, 2, 2]
        },
        '3p': {
            'delta': [9.4272, 2.1782, 1.3295],
            'coeff': [0.300142, -0.000861, 8.3e-05],
            'n': [3, 3, 3]
        },
    },
    21: {
        '1s': {
            'delta': [21.7237, 18.5964, 8.5331, 26.6635, 6.3629, 4.4087, 2.9836, 10.0558, 1.7339, 1.1548, 0.8074],
            'coeff': [0.929286, 0.076816, 0.001804, 0.01032, 0.000323, -0.000281, 7.3e-05, -0.000626, -2.4e-05, 1.8e-05, -7e-06],
            'n': [1, 2, 2, 3, 3, 3, 3, 4, 4, 4, 4]
        },
        '2s': {
            'delta': [21.7237, 18.5964, 8.5331, 26.6635, 6.3629, 4.4087, 2.9836, 10.0558, 1.7339, 1.1548, 0.8074],
            'coeff': [-0.272325, -0.165926, 1.008339, -0.001551, 0.085949, -0.006473, 0.00283, 0.066049, -0.000346, 0.000234, -8.2e-05],
            'n': [1, 2, 2, 3, 3, 3, 3, 4, 4, 4, 4]
        },
        '3s': {
            'delta': [21.7237, 18.5964, 8.5331, 26.6635, 6.3629, 4.4087, 2.9836, 10.0558, 1.7339, 1.1548, 0.8074],
            'coeff': [-0.095941, -0.066543, 0.413734, -0.001264, 0.116177, -0.567549, -0.638451, 0.079945, -0.008505, 0.002704, -0.000727],
            'n': [1, 2, 2, 3, 3, 3, 3, 4, 4, 4, 4]
        },
        '4s': {
            'delta': [21.7237, 18.5964, 8.5331, 26.6635, 6.3629, 4.4087, 2.9836, 10.0558, 1.7339, 1.1548, 0.8074],
            'coeff': [0.022762, 0.016069, -0.100051, 0.000291, -0.03104, 0.162661, 0.169417, -0.022175, -0.303304, -0.526693, -0.286745],
            'n': [1, 2, 2, 3, 3, 3, 3, 4, 4, 4, 4]
        },
        '2p': {
            'delta': [31.2091, 12.6896, 6.5469, 2.7945],
            'coeff': [0.001156, 0.341553, 0.415271, 0.00383],
            'n': [2, 2, 2, 2]
        },
        '3p': {
            'delta': [10.0778, 2.3661, 1.454],
            'coeff': [0.296715, -0.000849, 0.000109],
            'n': [3, 3, 3]
        },
        '3d': {
            'delta': [9.8549, 4.8498, 2.92, 1.7389, 1.0594],
            'coeff': [0.015123, 0.159653, 0.35986, 0.43488, 0.199419],
            'n': [3, 3, 3, 3, 3]
        },
    },
    22: {
        '1s': {
            'delta': [22.7314, 19.4596, 8.9861, 27.9364, 6.6279, 4.6765, 3.1621, 10.6755, 1.8546, 1.221, 0.8395],
            'coeff': [0.931729, 0.07443, 0.001498, 0.009843, 0.000199, -0.000228, 5.5e-05, -0.000431, -1.9e-05, 1.3e-05, -5e-06],
            'n': [1, 2, 2, 3, 3, 3, 3, 4, 4, 4, 4]
        },
        '2s': {
            'delta': [22.7314, 19.4596, 8.9861, 27.9364, 6.6279, 4.6765, 3.1621, 10.6755, 1.8546, 1.221, 0.8395],
            'coeff': [-0.275337, -0.169269, 1.018751, -0.001341, 0.082054, -0.007982, 0.003062, 0.063448, -0.00037, 0.000236, -8.1e-05],
            'n': [1, 2, 2, 3, 3, 3, 3, 4, 4, 4, 4]
        },
        '3s': {
            'delta': [22.7314, 19.4596, 8.9861, 27.9364, 6.6279, 4.6765, 3.1621, 10.6755, 1.8546, 1.221, 0.8395],
            'coeff': [-0.098438, -0.069318, 0.426684, -0.001204, 0.113142, -0.591312, -0.62186, 0.084353, -0.008255, 0.002364, -0.000615],
            'n': [1, 2, 2, 3, 3, 3, 3, 4, 4, 4, 4]
        },
        '4s': {
            'delta': [22.7314, 19.4596, 8.9861, 27.9364, 6.6279, 4.6765, 3.1621, 10.6755, 1.8546, 1.221, 0.8395],
            'coeff': [0.022864, 0.016391, -0.101044, 0.000273, -0.03064, 0.167643, 0.15993, -0.022705, -0.29209, -0.531732, -0.295994],
            'n': [1, 2, 2, 3, 3, 3, 3, 4, 4, 4, 4]
        },
        '2p': {
            'delta': [33.3883, 13.4246, 6.986, 3.0695],
            'coeff': [0.000991, 0.337047, 0.419748, 0.004328],
            'n': [2, 2, 2, 2]
        },
        '3p': {
            'delta': [10.7125, 2.5803, 1.6116],
            'coeff': [0.294936, -0.000789, 0.000126],
            'n': [3, 3, 3]
        },
        '3d': {
            'delta': [10.4755, 5.237, 3.1849, 1.929, 1.1952],
            'coeff': [0.016004, 0.17284, 0.375781, 0.424201, 0.170623],
            'n': [3, 3, 3, 3, 3]
        },
    },
    23: {
        '1s': {
            'delta': [23.7265, 20.2915, 9.4802, 29.1499, 6.9463, 4.9127, 3.3257, 11.2844, 1.9549, 1.2721, 0.8656],
            'coeff': [0.934724, 0.07126, 0.001198, 0.009527, 0.000121, -0.000187, 4.4e-05, -0.00027, -1.5e-05, 1.1e-05, -4e-06],
            'n': [1, 2, 2, 3, 3, 3, 3, 4, 4, 4, 4]
        },
        '2s': {
            'delta': [23.7265, 20.2915, 9.4802, 29.1499, 6.9463, 4.9127, 3.3257, 11.2844, 1.9549, 1.2721, 0.8656],
            'coeff': [-0.278303, -0.173527, 1.022901, -0.001124, 0.080937, -0.008467, 0.00314, 0.065688, -0.000372, 0.00023, -7.8e-05],
            'n': [1, 2, 2, 3, 3, 3, 3, 4, 4, 4, 4]
        },
        '3s': {
            'delta': [23.7265, 20.2915, 9.4802, 29.1499, 6.9463, 4.9127, 3.3257, 11.2844, 1.9549, 1.2721, 0.8656],
            'coeff': [-0.100645, -0.072332, 0.435733, -0.001135, 0.102976, -0.611858, -0.599875, 0.090418, -0.007592, 0.002016, -0.00052],
            'n': [1, 2, 2, 3, 3, 3, 3, 4, 4, 4, 4]
        },
        '4s': {
            'delta': [23.7265, 20.2915, 9.4802, 29.1499, 6.9463, 4.9127, 3.3257, 11.2844, 1.9549, 1.2721, 0.8656],
            'coeff': [0.022861, 0.016726, -0.100913, 0.000256, -0.028627, 0.172058, 0.147853, -0.023449, -0.291512, -0.534471, -0.29589],
            'n': [1, 2, 2, 3, 3, 3, 3, 4, 4, 4, 4]
        },
        '2p': {
            'delta': [35.8086, 14.1832, 7.4366, 3.2971],
            'coeff': [0.000832, 0.330153, 0.429318, 0.004908],
            'n': [2, 2, 2, 2]
        },
        '3p': {
            'delta': [11.3721, 2.75, 1.7235],
            'coeff': [0.290389, -0.000823, 0.000157],
            'n': [3, 3, 3]
        },
        '3d': {
            'delta': [10.964, 5.5057, 3.3114, 2.0094, 1.2637],
            'coeff': [0.017413, 0.198643, 0.40432, 0.399309, 0.13771],
            'n': [3, 3, 3, 3, 3]
        },
    },
    24: {
        '1s': {
            'delta': [24.7292, 21.1386, 9.9971, 30.4212, 7.3629, 5.183, 3.4391, 11.9538, 2.1124, 1.3241, 0.8703],
            'coeff': [0.937075, 0.068919, 0.000859, 0.009143, 1.9e-05, -0.000126, 2.5e-05, -6.7e-05, -1e-05, 6e-06, -2e-06],
            'n': [1, 2, 2, 3, 3, 3, 3, 4, 4, 4, 4]
        },
        '2s': {
            'delta': [24.7292, 21.1386, 9.9971, 30.4212, 7.3629, 5.183, 3.4391, 11.9538, 2.1124, 1.3241, 0.8703],
            'coeff': [0.280906, 0.177565, -1.021993, 0.001001, -0.083861, 0.007943, -0.003056, -0.068373, 0.000328, -0.000305, 0.0],
            'n': [1, 2, 2, 3, 3, 3, 3, 4, 4, 4, 4]
        },
        '3s': {
            'delta': [24.7292, 21.1386, 9.9971, 30.4212, 7.3629, 5.183, 3.4391, 11.9538, 2.1124, 1.3241, 0.8703],
            'coeff': [-0.101688, -0.074243, 0.436116, -0.001037, 0.108518, -0.632268, -0.583503, 0.090243, -0.011065, 0.002196, -0.000417],
            'n': [1, 2, 2, 3, 3, 3, 3, 4, 4, 4, 4]
        },
        '4s': {
            'delta': [24.7292, 21.1386, 9.9971, 30.4212, 7.3629, 5.183, 3.4391, 11.9538, 2.1124, 1.3241, 0.8703],
            'coeff': [-0.021485, -0.01592, 0.093634, -0.000219, 0.031754, -0.170396, -0.128499, 0.02077, 0.225866, 0.541426, 0.358079],
            'n': [1, 2, 2, 3, 3, 3, 3, 4, 4, 4, 4]
        },
        '2p': {
            'delta': [37.423, 14.8415, 7.8404, 3.6199],
            'coeff': [0.000786, 0.333715, 0.420845, 0.005346],
            'n': [2, 2, 2, 2]
        },
        '3p': {
            'delta': [11.9471, 2.9491, 1.9545],
            'coeff': [0.294186, -0.000612, 0.000251],
            'n': [3, 3, 3]
        },
        '3d': {
            'delta': [11.4813, 5.8159, 3.4526, 1.9741, 1.1473],
            'coeff': [0.016904, 0.198001, 0.403137, 0.392975, 0.182481],
            'n': [3, 3, 3, 3, 3]
        },
    },
    25: {
        '1s': {
            'delta': [25.6998, 21.8567, 10.7524, 31.6095, 7.9533, 5.4792, 3.6809, 12.6273, 2.1701, 1.3884, 0.9204],
            'coeff': [0.940989, 0.064731, 0.000286, 0.008989, -9.8e-05, -7.1e-05, 7e-06, 0.000257, -6e-06, 4e-06, -1e-06],
            'n': [1, 2, 2, 3, 3, 3, 3, 4, 4, 4, 4]
        },
        '2s': {
            'delta': [25.6998, 21.8567, 10.7524, 31.6095, 7.9533, 5.4792, 3.6809, 12.6273, 2.1701, 1.3884, 0.9204],
            'coeff': [-0.283798, -0.18787, 0.993354, -0.000781, 0.100053, -0.007203, 0.003047, 0.096877, -0.000357, 0.000212, -7.1e-05],
            'n': [1, 2, 2, 3, 3, 3, 3, 4, 4, 4, 4]
        },
        '3s': {
            'delta': [25.6998, 21.8567, 10.7524, 31.6095, 7.9533, 5.4792, 3.6809, 12.6273, 2.1701, 1.3884, 0.9204],
            'coeff': [0.104332, 0.079962, -0.43039, 0.000892, -0.116416, 0.619299, 0.596542, -0.102035, 0.008247, -0.002062, 0.000527],
            'n': [1, 2, 2, 3, 3, 3, 3, 4, 4, 4, 4]
        },
        '4s': {
            'delta': [25.6998, 21.8567, 10.7524, 31.6095, 7.9533, 5.4792, 3.6809, 12.6273, 2.1701, 1.3884, 0.9204],
            'coeff': [0.022617, 0.017628, -0.094991, 0.000191, -0.031656, 0.167891, 0.1381, -0.024434, -0.272491, -0.538366, -0.315216],
            'n': [1, 2, 2, 3, 3, 3, 3, 4, 4, 4, 4]
        },
        '2p': {
            'delta': [39.7636, 15.5794, 8.2726, 3.9144],
            'coeff': [0.00068, 0.329684, 0.425128, 0.005727],
            'n': [2, 2, 2, 2]
        },
        '3p': {
            'delta': [12.5884, 3.2243, 2.1059],
            'coeff': [0.292622, -0.000552, 0.000178],
            'n': [3, 3, 3]
        },
        '3d': {
            'delta': [12.1103, 6.2285, 3.7645, 2.2778, 1.4273],
            'coeff': [0.018122, 0.214643, 0.417697, 0.384751, 0.120919],
            'n': [3, 3, 3, 3, 3]
        },
    },
    26: {
        '1s': {
            'delta': [26.7103, 22.7394, 11.1579, 32.8592, 8.2265, 5.7011, 3.8393, 13.2036, 2.2676, 1.4378, 0.9462],
            'coeff': [0.942524, 0.06321, 0.000162, 0.008635, -0.000114, -5.8e-05, 5e-06, 0.000297, -5e-06, 3e-06, -1e-06],
            'n': [1, 2, 2, 3, 3, 3, 3, 4, 4, 4, 4]
        },
        '2s': {
            'delta': [26.7103, 22.7394, 11.1579, 32.8592, 8.2265, 5.7011, 3.8393, 13.2036, 2.2676, 1.4378, 0.9462],
            'coeff': [-0.285853, -0.189028, 1.008545, -0.000649, 0.093973, -0.007693, 0.003112, 0.087617, -0.00036, 0.000209, -7e-05],
            'n': [1, 2, 2, 3, 3, 3, 3, 4, 4, 4, 4]
        },
        '3s': {
            'delta': [26.7103, 22.7394, 11.1579, 32.8592, 8.2265, 5.7011, 3.8393, 13.2036, 2.2676, 1.4378, 0.9462],
            'coeff': [0.105891, 0.081539, -0.442968, 0.000883, -0.101287, 0.635102, 0.577033, -0.103885, 0.007684, -0.001785, 0.000454],
            'n': [1, 2, 2, 3, 3, 3, 3, 4, 4, 4, 4]
        },
        '4s': {
            'delta': [26.7103, 22.7394, 11.1579, 32.8592, 8.2265, 5.7011, 3.8393, 13.2036, 2.2676, 1.4378, 0.9462],
            'coeff': [0.02265, 0.017743, -0.096526, 0.000194, -0.028327, 0.171358, 0.129599, -0.024523, -0.27575, -0.53974, -0.312861],
            'n': [1, 2, 2, 3, 3, 3, 3, 4, 4, 4, 4]
        },
        '2p': {
            'delta': [42.2924, 16.3351, 8.7201, 4.0978],
            'coeff': [0.000583, 0.323715, 0.434152, 0.006165],
            'n': [2, 2, 2, 2]
        },
        '3p': {
            'delta': [13.2514, 3.369, 2.1919],
            'coeff': [0.28816, -0.000634, 0.000215],
            'n': [3, 3, 3]
        },
        '3d': {
            'delta': [12.7458, 6.6281, 4.0177, 2.4057, 1.4774],
            'coeff': [0.017645, 0.216184, 0.414852, 0.383883, 0.129854],
            'n': [3, 3, 3, 3, 3]
        },
    },
    27: {
        '1s': {
            'delta': [27.72, 23.647, 11.4491, 34.034, 8.3235, 5.8668, 3.9712, 13.7147, 2.351, 1.4789, 0.9682],
            'coeff': [0.943995, 0.061559, 0.000242, 0.008379, -6.1e-05, -7.9e-05, 1.4e-05, 0.000194, -7e-06, 4e-06, -2e-06],
            'n': [1, 2, 2, 3, 3, 3, 3, 4, 4, 4, 4]
        },
        '2s': {
            'delta': [27.72, 23.647, 11.4491, 34.034, 8.3235, 5.8668, 3.9712, 13.7147, 2.351, 1.4789, 0.9682],
            'coeff': [-0.287759, -0.187848, 1.03777, -0.000495, 0.080271, -0.008894, 0.003249, 0.068031, -0.000376, 0.000212, -7.2e-05],
            'n': [1, 2, 2, 3, 3, 3, 3, 4, 4, 4, 4]
        },
        '3s': {
            'delta': [27.72, 23.647, 11.4491, 34.034, 8.3235, 5.8668, 3.9712, 13.7147, 2.351, 1.4789, 0.9682],
            'coeff': [0.107248, 0.082163, -0.462596, 0.000918, -0.069603, 0.656282, 0.5441, -0.10431, 0.006522, -0.001372, 0.000344],
            'n': [1, 2, 2, 3, 3, 3, 3, 4, 4, 4, 4]
        },
        '4s': {
            'delta': [27.72, 23.647, 11.4491, 34.034, 8.3235, 5.8668, 3.9712, 13.7147, 2.351, 1.4789, 0.9682],
            'coeff': [0.022574, 0.017611, -0.099332, 0.000208, -0.021162, 0.176287, 0.116449, -0.024406, -0.281087, -0.53989, -0.308876],
            'n': [1, 2, 2, 3, 3, 3, 3, 4, 4, 4, 4]
        },
        '2p': {
            'delta': [44.255, 17.0241, 9.1323, 4.3892],
            'coeff': [-0.000537, -0.324287, -0.431492, -0.006429],
            'n': [2, 2, 2, 2]
        },
        '3p': {
            'delta': [13.8562, 3.5952, 2.3606],
            'coeff': [-0.289377, 0.000501, -0.000226],
            'n': [3, 3, 3]
        },
        '3d': {
            'delta': [13.3848, 7.042, 4.2891, 2.5511, 1.5435],
            'coeff': [0.017145, 0.215033, 0.41256, 0.385376, 0.135684],
            'n': [3, 3, 3, 3, 3]
        },
    },
    28: {
        '1s': {
            'delta': [28.7266, 24.5237, 11.7009, 35.2606, 8.319, 5.8931, 4.042, 14.1323, 2.4332, 1.5225, 0.9912],
            'coeff': [0.945523, 0.05997, 0.000155, 0.008101, -9.9e-05, -4.6e-05, 8e-06, 0.000226, -5e-06, 3e-06, -1e-06],
            'n': [1, 2, 2, 3, 3, 3, 3, 4, 4, 4, 4]
        },
        '2s': {
            'delta': [28.7266, 24.5237, 11.7009, 35.2606, 8.319, 5.8931, 4.042, 14.1323, 2.4332, 1.5225, 0.9912],
            'coeff': [0.289565, 0.187069, -1.073281, 0.000139, -0.063716, 0.009081, -0.003291, -0.04347, 0.000399, -0.000214, 7.1e-05],
            'n': [1, 2, 2, 3, 3, 3, 3, 4, 4, 4, 4]
        },
        '3s': {
            'delta': [28.7266, 24.5237, 11.7009, 35.2606, 8.319, 5.8931, 4.042, 14.1323, 2.4332, 1.5225, 0.9912],
            'coeff': [-0.108484, -0.08303, 0.486257, -0.00095, 0.003334, -0.68562, -0.475026, 0.106095, -0.004158, 0.000568, -0.000119],
            'n': [1, 2, 2, 3, 3, 3, 3, 4, 4, 4, 4]
        },
        '4s': {
            'delta': [28.7266, 24.5237, 11.7009, 35.2606, 8.319, 5.8931, 4.042, 14.1323, 2.4332, 1.5225, 0.9912],
            'coeff': [0.022468, 0.017547, -0.102978, 0.000219, -0.004844, 0.182371, 0.094382, -0.024948, -0.283769, -0.538297, -0.308953],
            'n': [1, 2, 2, 3, 3, 3, 3, 4, 4, 4, 4]
        },
        '2p': {
            'delta': [46.7514, 17.7675, 9.5726, 4.5914],
            'coeff': [-0.00047, -0.319845, -0.438165, -0.006828],
            'n': [2, 2, 2, 2]
        },
        '3p': {
            'delta': [14.5116, 3.7535, 2.4658],
            'coeff': [-0.285978, 0.000547, -0.000255],
            'n': [3, 3, 3]
        },
        '3d': {
            'delta': [13.9008, 7.3628, 4.4602, 2.6365, 1.5875],
            'coeff': [0.017517, 0.2251, 0.419212, 0.376659, 0.130041],
            'n': [3, 3, 3, 3, 3]
        },
    },
    29: {
        '1s': {
            'delta': [29.6964, 25.2508, 12.555, 36.3548, 6.2646, 4.1881, 14.889, 2.4698, 1.4684, 0.9292],
            'coeff': [0.948723, 0.056347, -0.000132, 0.008076, -5.8e-05, 9e-06, 0.000346, -4e-06, 3e-06, -1e-06],
            'n': [1, 2, 2, 3, 3, 3, 4, 4, 4, 4]
        },
        '2s': {
            'delta': [29.6964, 25.2508, 12.555, 36.3548, 6.2646, 4.1881, 14.889, 2.4698, 1.4684, 0.9292],
            'coeff': [0.291804, 0.197199, -1.032643, 0.000189, 0.005789, -0.002676, -0.078044, 0.000278, -0.000149, 5.4e-05],
            'n': [1, 2, 2, 3, 3, 3, 4, 4, 4, 4]
        },
        '3s': {
            'delta': [29.6964, 25.2508, 12.555, 36.3548, 6.2646, 4.1881, 14.889, 2.4698, 1.4684, 0.9292],
            'coeff': [-0.109162, -0.087326, 0.4653, -0.000831, -0.684743, -0.499518, 0.114174, -0.006857, 0.000964, -0.000379],
            'n': [1, 2, 2, 3, 3, 3, 4, 4, 4, 4]
        },
        '4s': {
            'delta': [29.6964, 25.2508, 12.555, 36.3548, 6.2646, 4.1881, 14.889, 2.4698, 1.4684, 0.9292],
            'coeff': [0.018928, 0.015368, -0.08208, 0.00018, 0.155119, 0.0778, -0.020952, -0.229694, -0.534263, -0.370075],
            'n': [1, 2, 2, 3, 3, 3, 4, 4, 4, 4]
        },
        '2p': {
            'delta': [48.7948, 18.4738, 9.9976, 4.7454],
            'coeff': [0.000433, 0.318485, 0.440209, 0.007102],
            'n': [2, 2, 2, 2]
        },
        '3p': {
            'delta': [15.1401, 3.8217, 2.5167],
            'coeff': [0.284462, -0.000579, 0.000353],
            'n': [3, 3, 3]
        },
        '3d': {
            'delta': [14.1915, 7.545, 4.4604, 2.5096, 1.4098],
            'coeff': [0.018641, 0.239705, 0.42741, 0.365471, 0.148151],
            'n': [3, 3, 3, 3, 3]
        },
    },
    30: {
        '1s': {
            'delta': [30.7026, 26.0605, 13.2539, 37.7395, 9.859, 6.6334, 4.4668, 15.6259, 2.6384, 1.6263, 1.0391],
            'coeff': [0.950023, 0.055373, -0.000597, 0.007693, -0.000202, -1.4e-05, -7e-06, 0.000616, -1e-06, 1e-06, 0.0],
            'n': [1, 2, 2, 3, 3, 3, 3, 4, 4, 4, 4]
        },
        '2s': {
            'delta': [30.7026, 26.0605, 13.2539, 37.7395, 9.859, 6.6334, 4.4668, 15.6259, 2.6384, 1.6263, 1.0391],
            'coeff': [0.29336, 0.203764, -1.012933, 0.000174, -0.099869, 0.005685, -0.002788, -0.093558, 0.000306, -0.00017, 5.8e-05],
            'n': [1, 2, 2, 3, 3, 3, 3, 4, 4, 4, 4]
        },
        '3s': {
            'delta': [30.7026, 26.0605, 13.2539, 37.7395, 9.859, 6.6334, 4.4668, 15.6259, 2.6384, 1.6263, 1.0391],
            'coeff': [-0.110788, -0.090902, 0.459095, -0.000721, 0.072788, -0.664296, -0.532662, 0.116494, -0.00673, 0.001318, -0.000334],
            'n': [1, 2, 2, 3, 3, 3, 3, 4, 4, 4, 4]
        },
        '4s': {
            'delta': [30.7026, 26.0605, 13.2539, 37.7395, 9.859, 6.6334, 4.4668, 15.6259, 2.6384, 1.6263, 1.0391],
            'coeff': [0.022191, 0.018507, -0.093638, 0.00017, -0.021745, 0.171174, 0.105412, -0.025059, -0.273189, -0.542094, -0.320316],
            'n': [1, 2, 2, 3, 3, 3, 3, 4, 4, 4, 4]
        },
        '2p': {
            'delta': [51.3224, 19.2139, 10.4311, 5.004],
            'coeff': [-0.000384, -0.314928, -0.44501, -0.007426],
            'n': [2, 2, 2, 2]
        },
        '3p': {
            'delta': [15.7917, 4.0672, 2.6701],
            'coeff': [-0.282257, 0.000573, -0.000295],
            'n': [3, 3, 3]
        },
        '3d': {
            'delta': [15.0303, 8.1007, 4.9123, 2.8828, 1.7108],
            'coeff': [0.017396, 0.23053, 0.421574, 0.372225, 0.130294],
            'n': [3, 3, 3, 3, 3]
        },
    },
    31: {
        '1s': {
            'delta': [31.7059, 26.8956, 13.906, 39.0025, 10.3974, 7.0296, 4.7718, 16.3515, 2.8372, 1.8235, 1.2004],
            'coeff': [0.951369, 0.054085, -0.00081, 0.007436, -0.000213, -1.4e-05, -6e-06, 0.000699, -2e-06, 1e-06, 0.0],
            'n': [1, 2, 2, 3, 3, 3, 3, 4, 4, 4, 4]
        },
        '2s': {
            'delta': [31.7059, 26.8956, 13.906, 39.0025, 10.3974, 7.0296, 4.7718, 16.3515, 2.8372, 1.8235, 1.2004],
            'coeff': [-0.294851, -0.208641, 0.999302, -0.000181, 0.111737, -0.00624, 0.003025, 0.103312, -0.000369, 0.00021, -7e-05],
            'n': [1, 2, 2, 3, 3, 3, 3, 4, 4, 4, 4]
        },
        '3s': {
            'delta': [31.7059, 26.8956, 13.906, 39.0025, 10.3974, 7.0296, 4.7718, 16.3515, 2.8372, 1.8235, 1.2004],
            'coeff': [0.112463, 0.093784, -0.455774, 0.000654, -0.098559, 0.636679, 0.572674, -0.116529, 0.007303, -0.001607, 0.000434],
            'n': [1, 2, 2, 3, 3, 3, 3, 4, 4, 4, 4]
        },
        '4s': {
            'delta': [31.7059, 26.8956, 13.906, 39.0025, 10.3974, 7.0296, 4.7718, 16.3515, 2.8372, 1.8235, 1.2004],
            'coeff': [0.026164, 0.022235, -0.108184, 0.000156, -0.02945, 0.186235, 0.144131, -0.029905, -0.313648, -0.554658, -0.262151],
            'n': [1, 2, 2, 3, 3, 3, 3, 4, 4, 4, 4]
        },
        '2p': {
            'delta': [30.9647, 11.6838],
            'coeff': [0.079671, 0.667452],
            'n': [2, 2]
        },
        '3p': {
            'delta': [25.4398, 8.2598, 5.5111, 3.7958],
            'coeff': [0.175535, 0.015771, 0.000196, 6.000646],
            'n': [3, 3, 3, 3]
        },
        '4p': {
            'delta': [20.5257, 2.2879, 1.3751, 0.8682],
            'coeff': [0.119573, -2.9e-05, 1.5e-05, -6e-06],
            'n': [4, 4, 4, 4]
        },
        '3d': {
            'delta': [15.7448, 8.568, 5.2654, 3.1808, 1.971],
            'coeff': [0.016981, 0.230981, 0.423088, 0.376129, 0.104017],
            'n': [3, 3, 3, 3, 3]
        },
    },
    32: {
        '1s': {
            'delta': [32.7208, 27.8041, 14.402, 40.2593, 10.8267, 7.4435, 5.0894, 17.0698, 3.0282, 1.9965, 1.3445],
            'coeff': [0.952125, 0.053372, -0.000842, 0.007163, -0.000171, -3.4e-05, 0.0, 0.000678, -3e-06, 3e-06, -1e-06],
            'n': [1, 2, 2, 3, 3, 3, 3, 4, 4, 4, 4]
        },
        '2s': {
            'delta': [32.7208, 27.8041, 14.402, 40.2593, 10.8267, 7.4435, 5.0894, 17.0698, 3.0282, 1.9965, 1.3445],
            'coeff': [-0.296096, -0.209251, 0.998859, -0.000219, 0.116798, -0.007409, 0.003297, 0.100296, -0.000427, 0.000245, -8.2e-05],
            'n': [1, 2, 2, 3, 3, 3, 3, 4, 4, 4, 4]
        },
        '3s': {
            'delta': [32.7208, 27.8041, 14.402, 40.2593, 10.8267, 7.4435, 5.0894, 17.0698, 3.0282, 1.9965, 1.3445],
            'coeff': [-0.11412, -0.094825, 0.458992, -0.00062, 0.121081, -0.609201, -0.613648, 0.111808, -0.008224, 0.001917, -0.00056],
            'n': [1, 2, 2, 3, 3, 3, 3, 4, 4, 4, 4]
        },
        '4s': {
            'delta': [32.7208, 27.8041, 14.402, 40.2593, 10.8267, 7.4435, 5.0894, 17.0698, 3.0282, 1.9965, 1.3445],
            'coeff': [-0.029258, -0.02484, 0.120324, -0.000142, 0.036502, -0.191413, -0.182649, 0.032523, 0.352753, 0.54667, 0.232419],
            'n': [1, 2, 2, 3, 3, 3, 3, 4, 4, 4, 4]
        },
        '2p': {
            'delta': [32.372, 12.2227],
            'coeff': [0.074659, 0.685414],
            'n': [2, 2]
        },
        '3p': {
            'delta': [26.607, 8.7258, 5.841, 4.0849],
            'coeff': [0.165218, 0.018146, -0.000114, 0.000755],
            'n': [3, 3, 3, 3]
        },
        '4p': {
            'delta': [21.4919, 2.5444, 1.5873, 1.028],
            'coeff': [0.112519, -6e-05, 2.7e-05, -1e-05],
            'n': [4, 4, 4, 4]
        },
        '3d': {
            'delta': [16.4691, 9.0439, 5.6272, 3.4888, 2.198],
            'coeff': [0.016414, 0.229546, 0.422554, 0.381489, 0.086376],
            'n': [3, 3, 3, 3, 3]
        },
    },
    33: {
        '1s': {
            'delta': [33.7071, 28.5493, 15.154, 41.4602, 11.3318, 7.7302, 5.3683, 17.6911, 3.2155, 2.1464, 1.474],
            'coeff': [0.95405, 0.051397, -0.001136, 0.007024, -0.000228, -1.6e-05, -5e-06, 0.000804, -2e-06, 2e-06, 0.0],
            'n': [1, 2, 2, 3, 3, 3, 3, 4, 4, 4, 4]
        },
        '2s': {
            'delta': [33.7071, 28.5493, 15.154, 41.4602, 11.3318, 7.7302, 5.3683, 17.6911, 3.2155, 2.1464, 1.474],
            'coeff': [-0.297645, -0.217749, 0.983785, -0.000102, 0.127118, -0.007865, 0.003541, 0.117619, -0.000491, 0.000277, -9.4e-05],
            'n': [1, 2, 2, 3, 3, 3, 3, 4, 4, 4, 4]
        },
        '3s': {
            'delta': [33.7071, 28.5493, 15.154, 41.4602, 11.3318, 7.7302, 5.3683, 17.6911, 3.2155, 2.1464, 1.474],
            'coeff': [-0.115924, -0.09993, 0.457387, -0.000574, 0.12407, -0.596101, -0.624965, 0.121421, -0.008075, 0.001685, -0.000549],
            'n': [1, 2, 2, 3, 3, 3, 3, 4, 4, 4, 4]
        },
        '4s': {
            'delta': [33.7071, 28.5493, 15.154, 41.4602, 11.3318, 7.7302, 5.3683, 17.6911, 3.2155, 2.1464, 1.474],
            'coeff': [0.031925, 0.028203, -0.129153, 0.000125, -0.037218, 0.195492, 0.211438, -0.038577, -0.393306, -0.536125, -0.206671],
            'n': [1, 2, 2, 3, 3, 3, 3, 4, 4, 4, 4]
        },
        '2p': {
            'delta': [33.8306, 12.7682],
            'coeff': [0.069915, 0.700126],
            'n': [2, 2]
        },
        '3p': {
            'delta': [27.7931, 9.3346, 6.2386, 4.4077],
            'coeff': [0.156149, 0.02105, 0.0, 0.00076],
            'n': [3, 3, 3, 3]
        },
        '4p': {
            'delta': [22.4504, 2.7882, 1.7792, 1.1706],
            'coeff': [0.106708, -6.7e-05, 2.9e-05, -1e-05],
            'n': [4, 4, 4, 4]
        },
        '3d': {
            'delta': [17.0538, 9.4108, 5.849, 3.7033, 2.3465],
            'coeff': [0.016674, 0.239639, 0.435884, 0.369917, 0.062948],
            'n': [3, 3, 3, 3, 3]
        },
    },
    34: {
        '1s': {
            'delta': [34.7125, 29.3786, 15.74, 42.7575, 11.7494, 8.0222, 5.6528, 18.3237, 3.4106, 2.2896, 1.5845],
            'coeff': [0.955079, 0.0505, -0.001361, 0.006777, -0.000279, 6e-06, -1.2e-05, 0.000911, 0.0, 1e-06, 0.0],
            'n': [1, 2, 2, 3, 3, 3, 3, 4, 4, 4, 4]
        },
        '2s': {
            'delta': [34.7125, 29.3786, 15.74, 42.7575, 11.7494, 8.0222, 5.6528, 18.3237, 3.4106, 2.2896, 1.5845],
            'coeff': [-0.298867, -0.221711, 0.981133, -3.4e-05, 0.131114, -0.008785, 0.003839, 0.121953, -0.00055, 0.000298, -0.000102],
            'n': [1, 2, 2, 3, 3, 3, 3, 4, 4, 4, 4]
        },
        '3s': {
            'delta': [34.7125, 29.3786, 15.74, 42.7575, 11.7494, 8.0222, 5.6528, 18.3237, 3.4106, 2.2896, 1.5845],
            'coeff': [-0.117604, -0.102968, 0.461461, -0.000545, 0.126802, -0.586337, -0.635716, 0.125109, -0.008229, 0.001502, -0.000557],
            'n': [1, 2, 2, 3, 3, 3, 3, 4, 4, 4, 4]
        },
        '4s': {
            'delta': [34.7125, 29.3786, 15.74, 42.7575, 11.7494, 8.0222, 5.6528, 18.3237, 3.4106, 2.2896, 1.5845],
            'coeff': [-0.034379, -0.030932, 0.138682, -0.000114, 0.037692, -0.197476, -0.240944, 0.042941, 0.430881, 0.532759, 0.178817],
            'n': [1, 2, 2, 3, 3, 3, 3, 4, 4, 4, 4]
        },
        '2p': {
            'delta': [35.2165, 13.3691],
            'coeff': [0.064815, 0.719004],
            'n': [2, 2]
        },
        '3p': {
            'delta': [28.9584, 10.0638, 6.6718, 4.7438],
            'coeff': [0.144057, 0.026166, 0.000188, 0.000765],
            'n': [3, 3, 3, 3]
        },
        '4p': {
            'delta': [23.4246, 3.0297, 1.9218, 1.2451],
            'coeff': [0.097238, -7.1e-05, 2.3e-05, -1.1e-05],
            'n': [4, 4, 4, 4]
        },
        '3d': {
            'delta': [17.6906, 9.8167, 6.1051, 3.9379, 2.4892],
            'coeff': [0.016536, 0.244834, 0.448354, 0.358333, 0.047754],
            'n': [3, 3, 3, 3, 3]
        },
    },
    35: {
        '1s': {
            'delta': [35.7147, 30.2313, 16.2817, 43.9396, 12.1552, 8.3109, 5.9392, 18.9651, 3.6167, 2.434, 1.6936],
            'coeff': [0.956178, 0.049303, -0.001379, 0.006623, -0.000241, -1.6e-05, -2e-06, 0.000876, -2e-06, 3e-06, 0.0],
            'n': [1, 2, 2, 3, 3, 3, 3, 4, 4, 4, 4]
        },
        '2s': {
            'delta': [35.7147, 30.2313, 16.2817, 43.9396, 12.1552, 8.3109, 5.9392, 18.9651, 3.6167, 2.434, 1.6936],
            'coeff': [0.300065, 0.224065, -0.981012, -3e-06, -0.133963, 0.009815, -0.004183, -0.122802, 0.000613, -0.000317, 0.000109],
            'n': [1, 2, 2, 3, 3, 3, 3, 4, 4, 4, 4]
        },
        '3s': {
            'delta': [35.7147, 30.2313, 16.2817, 43.9396, 12.1552, 8.3109, 5.9392, 18.9651, 3.6167, 2.434, 1.6936],
            'coeff': [-0.119257, -0.105248, 0.466489, -0.000526, 0.130322, -0.579501, -0.644361, 0.126778, -0.008641, 0.001333, -0.000566],
            'n': [1, 2, 2, 3, 3, 3, 3, 4, 4, 4, 4]
        },
        '4s': {
            'delta': [35.7147, 30.2313, 16.2817, 43.9396, 12.1552, 8.3109, 5.9392, 18.9651, 3.6167, 2.434, 1.6936],
            'coeff': [-0.036545, -0.033223, 0.147307, -0.000106, 0.038175, -0.196982, -0.269614, 0.046308, 0.459442, 0.530326, 0.160145],
            'n': [1, 2, 2, 3, 3, 3, 3, 4, 4, 4, 4]
        },
        '2p': {
            'delta': [36.6717, 13.9922],
            'coeff': [0.059746, 0.734105],
            'n': [2, 2]
        },
        '3p': {
            'delta': [30.1518, 10.8966, 7.0906, 5.0673],
            'coeff': [0.13286, 0.033198, 0.00075, 0.000664],
            'n': [3, 3, 3, 3]
        },
        '4p': {
            'delta': [24.3902, 3.2746, 2.0783, 1.3411],
            'coeff': [0.088869, -6.3e-05, 1.1e-05, -1.1e-05],
            'n': [4, 4, 4, 4]
        },
        '3d': {
            'delta': [18.491, 10.298, 6.4197, 4.201, 2.6377],
            'coeff': [0.015518, 0.242791, 0.459169, 0.351558, 0.039199],
            'n': [3, 3, 3, 3, 3]
        },
    },
    36: {
        '1s': {
            'delta': [36.7205, 31.1118, 16.7539, 45.1135, 12.517, 8.5715, 6.2171, 19.6005, 3.8388, 2.5911, 1.81],
            'coeff': [0.957077, 0.048295, -0.00134, 0.006469, -0.000192, -4.3e-05, 1e-05, 0.000816, -4e-06, 5e-06, -1e-06],
            'n': [1, 2, 2, 3, 3, 3, 3, 4, 4, 4, 4]
        },
        '2s': {
            'delta': [36.7205, 31.1118, 16.7539, 45.1135, 12.517, 8.5715, 6.2171, 19.6005, 3.8388, 2.5911, 1.81],
            'coeff': [-0.301159, -0.22463, 0.985238, 2.7e-05, 0.134207, -0.011226, 0.004686, 0.119437, -0.000706, 0.000347, -0.000119],
            'n': [1, 2, 2, 3, 3, 3, 3, 4, 4, 4, 4]
        },
        '3s': {
            'delta': [36.7205, 31.1118, 16.7539, 45.1135, 12.517, 8.5715, 6.2171, 19.6005, 3.8388, 2.5911, 1.81],
            'coeff': [0.120838, 0.106713, -0.473731, 0.000517, -0.131052, 0.580549, 0.644535, -0.126985, 0.009105, -0.001109, 0.00056],
            'n': [1, 2, 2, 3, 3, 3, 3, 4, 4, 4, 4]
        },
        '4s': {
            'delta': [36.7205, 31.1118, 16.7539, 45.1135, 12.517, 8.5715, 6.2171, 19.6005, 3.8388, 2.5911, 1.81],
            'coeff': [0.038487, 0.035084, -0.155808, 0.000102, -0.037482, 0.196315, 0.295835, -0.048888, -0.476243, -0.530291, -0.151842],
            'n': [1, 2, 2, 3, 3, 3, 3, 4, 4, 4, 4]
        },
        '2p': {
            'delta': [38.0283, 14.6932],
            'coeff': [0.054135, 0.751976],
            'n': [2, 2]
        },
        '3p': {
            'delta': [31.3136, 11.7833, 7.4972, 5.3888],
            'coeff': [0.118384, 0.0445, 0.001287, 0.000557],
            'n': [3, 3, 3, 3]
        },
        '4p': {
            'delta': [25.3638, 3.5216, 2.2424, 1.4475],
            'coeff': [0.076875, -4.5e-05, 1.3e-05, -4e-06],
            'n': [4, 4, 4, 4]
        },
        '3d': {
            'delta': [19.1294, 10.7158, 6.6805, 4.4322, 2.7599],
            'coeff': [0.015286, 0.24543, 0.473937, 0.335752, 0.031469],
            'n': [3, 3, 3, 3, 3]
        },
    },
    37: {
        '1s': {
            'delta': [37.6597, 31.9404, 16.8617, 45.3535, 12.0916, 6.6424, 19.9148, 3.9717, 2.6062, 11.542, 1.7303, 1.0853, 0.7168],
            'coeff': [0.960467, 0.042932, -9.3e-05, 0.007109, 0.000159, 0.000125, -5.9e-05, -2.8e-05, 1.8e-05, -0.000211, -8e-06, 5e-06, -2e-06],
            'n': [1, 2, 2, 3, 3, 3, 4, 4, 4, 5, 5, 5, 5]
        },
        '2s': {
            'delta': [37.6597, 31.9404, 16.8617, 45.3535, 12.0916, 6.6424, 19.9148, 3.9717, 2.6062, 11.542, 1.7303, 1.0853, 0.7168],
            'coeff': [0.303005, 0.221238, -1.02627, -0.000245, -0.100557, -0.004612, -0.102291, 0.00064, -0.000266, 0.010396, 0.000116, -6.6e-05, 2.4e-05],
            'n': [1, 2, 2, 3, 3, 3, 4, 4, 4, 5, 5, 5, 5]
        },
        '3s': {
            'delta': [37.6597, 31.9404, 16.8617, 45.3535, 12.0916, 6.6424, 19.9148, 3.9717, 2.6062, 11.542, 1.7303, 1.0853, 0.7168],
            'coeff': [-0.122718, -0.111462, 0.524563, -0.000825, -0.215183, -0.773124, 0.167082, -0.010285, 0.001188, -0.210462, -0.00054, 0.000267, -9.1e-05],
            'n': [1, 2, 2, 3, 3, 3, 4, 4, 4, 5, 5, 5, 5]
        },
        '4s': {
            'delta': [37.6597, 31.9404, 16.8617, 45.3535, 12.0916, 6.6424, 19.9148, 3.9717, 2.6062, 11.542, 1.7303, 1.0853, 0.7168],
            'coeff': [0.041454, 0.038866, -0.183063, 0.000256, 0.080032, 0.372057, -0.065728, -0.562841, -0.573101, 0.070777, -0.023626, 0.003312, -0.001164],
            'n': [1, 2, 2, 3, 3, 3, 4, 4, 4, 5, 5, 5, 5]
        },
        '5s': {
            'delta': [37.6597, 31.9404, 16.8617, 45.3535, 12.0916, 6.6424, 19.9148, 3.9717, 2.6062, 11.542, 1.7303, 1.0853, 0.7168],
            'coeff': [0.008728, 0.008204, -0.038612, 4.2e-05, 0.016335, 0.084781, -0.014138, -0.146431, -0.109368, 0.013149, 0.17539, 0.556025, 0.394524],
            'n': [1, 2, 2, 3, 3, 3, 4, 4, 4, 5, 5, 5, 5]
        },
        '2p': {
            'delta': [40.4071, 15.5458],
            'coeff': [0.043079, 0.779487],
            'n': [2, 2]
        },
        '3p': {
            'delta': [33.1343, 12.7443, 7.9163, 5.7101],
            'coeff': [0.09567, 0.063827, 0.001775, 0.000499],
            'n': [3, 3, 3, 3]
        },
        '4p': {
            'delta': [26.7299, 3.7718, 2.4254, 1.6089],
            'coeff': [0.060229, -5.1e-05, 1.7e-05, -5e-06],
            'n': [4, 4, 4, 4]
        },
        '3d': {
            'delta': [19.9656, 11.272, 7.1489, 4.8701, 3.196],
            'coeff': [0.014081, 0.233527, 0.455528, 0.349694, 0.04287],
            'n': [3, 3, 3, 3, 3]
        },
    },
    38: {
        '1s': {
            'delta': [38.6766, 32.7622, 17.6638, 46.8232, 12.7979, 6.974, 20.6858, 4.2125, 2.8491, 12.1086, 1.8492, 1.2152, 0.8188],
            'coeff': [0.960803, 0.043118, -0.000546, 0.006721, 8.1e-05, 0.000104, 0.000184, -2.5e-05, 1.7e-05, -0.000172, -7e-06, 5e-06, -2e-06],
            'n': [1, 2, 2, 3, 3, 3, 4, 4, 4, 5, 5, 5, 5]
        },
        '2s': {
            'delta': [38.6766, 32.7622, 17.6638, 46.8232, 12.7979, 6.974, 20.6858, 4.2125, 2.8491, 12.1086, 1.8492, 1.2152, 0.8188],
            'coeff': [0.303862, 0.227987, -1.005014, -0.000192, -0.115623, -0.0047, -0.118775, 0.000708, -0.000299, 0.010249, 0.000126, -7.9e-05, 2.8e-05],
            'n': [1, 2, 2, 3, 3, 3, 4, 4, 4, 5, 5, 5, 5]
        },
        '3s': {
            'delta': [38.6766, 32.7622, 17.6638, 46.8232, 12.7979, 6.974, 20.6858, 4.2125, 2.8491, 12.1086, 1.8492, 1.2152, 0.8188],
            'coeff': [0.124165, 0.115932, -0.518144, 0.000757, 0.175185, 0.805787, -0.172787, 0.011784, -0.001591, 0.204433, 0.000624, -0.000339, 0.000114],
            'n': [1, 2, 2, 3, 3, 3, 4, 4, 4, 5, 5, 5, 5]
        },
        '4s': {
            'delta': [38.6766, 32.7622, 17.6638, 46.8232, 12.7979, 6.974, 20.6858, 4.2125, 2.8491, 12.1086, 1.8492, 1.2152, 0.8188],
            'coeff': [0.044153, 0.042508, -0.1901, 0.00023, 0.064281, 0.420637, -0.070827, -0.569917, -0.577559, 0.067732, -0.015972, 0.002941, -0.00068],
            'n': [1, 2, 2, 3, 3, 3, 4, 4, 4, 5, 5, 5, 5]
        },
        '5s': {
            'delta': [38.6766, 32.7622, 17.6638, 46.8232, 12.7979, 6.974, 20.6858, 4.2125, 2.8491, 12.1086, 1.8492, 1.2152, 0.8188],
            'coeff': [0.011387, 0.010991, -0.049113, 4.2e-05, 0.015585, 0.118647, -0.018671, -0.187386, -0.139266, 0.014814, 0.289906, 0.558928, 0.288435],
            'n': [1, 2, 2, 3, 3, 3, 4, 4, 4, 5, 5, 5, 5]
        },
        '2p': {
            'delta': [42.7301, 16.6389],
            'coeff': [0.030306, 0.811617],
            'n': [2, 2]
        },
        '3p': {
            'delta': [35.0112, 13.8073, 8.2941, 5.9989],
            'coeff': [0.064192, 0.097475, 0.002506, 0.000332],
            'n': [3, 3, 3, 3]
        },
        '4p': {
            'delta': [28.1756, 4.0091, 2.6162, 1.6854],
            'coeff': [0.034102, -4e-05, 1.2e-05, -3e-06],
            'n': [4, 4, 4, 4]
        },
        '3d': {
            'delta': [20.77, 11.8072, 7.5922, 5.2871, 3.5961],
            'coeff': [0.013127, 0.224304, 0.440334, 0.359256, 0.053222],
            'n': [3, 3, 3, 3, 3]
        },
    },
    39: {
        '1s': {
            'delta': [39.7224, 33.6027, 18.3793, 48.744, 13.3446, 7.283, 21.3822, 4.4484, 3.0474, 12.5609, 2.0044, 1.3112, 0.8747],
            'coeff': [0.96008, 0.045175, -0.001567, 0.006033, -0.000219, 1.4e-05, 0.000855, -5e-06, 5e-06, -2.2e-05, -2e-06, 1e-06, 0.0],
            'n': [1, 2, 2, 3, 3, 3, 4, 4, 4, 5, 5, 5, 5]
        },
        '2s': {
            'delta': [39.7224, 33.6027, 18.3793, 48.744, 13.3446, 7.283, 21.3822, 4.4484, 3.0474, 12.5609, 2.0044, 1.3112, 0.8747],
            'coeff': [0.304345, 0.233833, -0.993114, -0.000202, -0.124424, -0.00498, -0.129631, 0.000788, -0.000337, 0.010524, 0.000134, -7.9e-05, 2.7e-05],
            'n': [1, 2, 2, 3, 3, 3, 4, 4, 4, 5, 5, 5, 5]
        },
        '3s': {
            'delta': [39.7224, 33.6027, 18.3793, 48.744, 13.3446, 7.283, 21.3822, 4.4484, 3.0474, 12.5609, 2.0044, 1.3112, 0.8747],
            'coeff': [0.125399, 0.119821, -0.516076, 0.0007, 0.153637, 0.824075, -0.177748, 0.012444, -0.001672, 0.200249, 0.000618, -0.00031, 0.000101],
            'n': [1, 2, 2, 3, 3, 3, 4, 4, 4, 5, 5, 5, 5]
        },
        '4s': {
            'delta': [39.7224, 33.6027, 18.3793, 48.744, 13.3446, 7.283, 21.3822, 4.4484, 3.0474, 12.5609, 2.0044, 1.3112, 0.8747],
            'coeff': [0.046138, 0.045391, -0.195574, 0.000199, 0.052859, 0.461392, -0.074774, -0.581457, -0.575339, 0.062477, -0.016837, 0.002621, -0.000609],
            'n': [1, 2, 2, 3, 3, 3, 4, 4, 4, 5, 5, 5, 5]
        },
        '5s': {
            'delta': [39.7224, 33.6027, 18.3793, 48.744, 13.3446, 7.283, 21.3822, 4.4484, 3.0474, 12.5609, 2.0044, 1.3112, 0.8747],
            'coeff': [0.012247, 0.012074, -0.051987, 3.8e-05, 0.012518, 0.134763, -0.020203, -0.199281, -0.145438, 0.013467, 0.296136, 0.559777, 0.28871],
            'n': [1, 2, 2, 3, 3, 3, 4, 4, 4, 5, 5, 5, 5]
        },
        '2p': {
            'delta': [45.1959, 17.8974],
            'coeff': [0.015985, 0.849353],
            'n': [2, 2]
        },
        '3p': {
            'delta': [37.1587, 14.7946, 8.7835, 6.3922],
            'coeff': [0.026725, 0.138567, 0.003167, 0.000262],
            'n': [3, 3, 3, 3]
        },
        '4p': {
            'delta': [29.912, 4.2354, 2.7964, 1.7852],
            'coeff': [0.001671, -4e-05, 9e-06, -3e-06],
            'n': [4, 4, 4, 4]
        },
        '3d': {
            'delta': [20.999, 11.907, 7.2875, 4.6011],
            'coeff': [0.014824, 0.258493, 0.601413, 0.129384],
            'n': [3, 3, 3, 3]
        },
        '4d': {
            'delta': [5.7904, 2.7134, 1.6373, 0.9993],
            'coeff': [0.084425, 0.002942, -0.000449, 0.000143],
            'n': [4, 4, 4, 4]
        },
    },
    40: {
        '1s': {
            'delta': [40.7891, 34.4609, 19.1696, 51.176, 14.0056, 7.5966, 22.1375, 4.6587, 3.207, 13.0607, 2.1201, 1.3752, 0.9098],
            'coeff': [0.958661, 0.048443, -0.002967, 0.005199, -0.000632, -0.000109, 0.001762, 2.4e-05, -1.1e-05, 0.000172, 4e-06, -3e-06, 0.0],
            'n': [1, 2, 2, 3, 3, 3, 4, 4, 4, 5, 5, 5, 5]
        },
        '2s': {
            'delta': [40.7891, 34.4609, 19.1696, 51.176, 14.0056, 7.5966, 22.1375, 4.6587, 3.207, 13.0607, 2.1201, 1.3752, 0.9098],
            'coeff': [0.304575, 0.240401, -0.976241, -0.00018, -0.137458, -0.004954, -0.14196, 0.000801, -0.000338, 0.01006, 0.000129, -7.3e-05, 2.5e-05],
            'n': [1, 2, 2, 3, 3, 3, 4, 4, 4, 5, 5, 5, 5]
        },
        '3s': {
            'delta': [40.7891, 34.4609, 19.1696, 51.176, 14.0056, 7.5966, 22.1375, 4.6587, 3.207, 13.0607, 2.1201, 1.3752, 0.9098],
            'coeff': [-0.126474, -0.123985, 0.510824, -0.000621, -0.125183, -0.845727, 0.182541, -0.013029, 0.001754, -0.196198, -0.000626, 0.0003, -9.7e-05],
            'n': [1, 2, 2, 3, 3, 3, 4, 4, 4, 5, 5, 5, 5]
        },
        '4s': {
            'delta': [40.7891, 34.4609, 19.1696, 51.176, 14.0056, 7.5966, 22.1375, 4.6587, 3.207, 13.0607, 2.1201, 1.3752, 0.9098],
            'coeff': [0.047779, 0.048124, -0.198339, 0.000172, 0.037812, 0.49757, -0.077806, -0.604867, -0.561753, 0.05829, -0.015948, 0.00217, -0.000494],
            'n': [1, 2, 2, 3, 3, 3, 4, 4, 4, 5, 5, 5, 5]
        },
        '5s': {
            'delta': [40.7891, 34.4609, 19.1696, 51.176, 14.0056, 7.5966, 22.1375, 4.6587, 3.207, 13.0607, 2.1201, 1.3752, 0.9098],
            'coeff': [0.012672, 0.012781, -0.052635, 2.8e-05, 0.008034, 0.146263, -0.020961, -0.209688, -0.139697, 0.011697, 0.302034, 0.559795, 0.287194],
            'n': [1, 2, 2, 3, 3, 3, 4, 4, 4, 5, 5, 5, 5]
        },
        '2p': {
            'delta': [47.2894, 18.9113],
            'coeff': [0.00792, 0.86474],
            'n': [2, 2]
        },
        '3p': {
            'delta': [39.0617, 15.5797, 9.1966, 6.7401],
            'coeff': [0.006156, 0.166347, 0.003864, 9.5e-05],
            'n': [3, 3, 3, 3]
        },
        '4p': {
            'delta': [31.4855, 4.465, 2.9661, 1.8952],
            'coeff': [-0.015667, -2.9e-05, 0.0, -2e-06],
            'n': [4, 4, 4, 4]
        },
        '3d': {
            'delta': [21.6043, 11.874, 5.6325],
            'coeff': [0.014903, 0.398441, 0.359142],
            'n': [3, 3, 3]
        },
        '4d': {
            'delta': [9.1444, 4.129, 2.6333, 1.6878, 1.1008],
            'coeff': [0.314611, 0.015434, 4.5e-05, 0.000151, 1e-06],
            'n': [4, 4, 4, 4, 4]
        },
    },
    41: {
        '1s': {
            'delta': [41.7434, 35.3327, 19.4788, 51.3713, 14.2959, 7.87, 22.699, 4.8823, 3.3343, 13.3478, 2.2445, 1.4324, 0.9392],
            'coeff': [0.961175, 0.044322, -0.001834, 0.005628, -0.000262, 5e-06, 0.000984, -2e-06, 4e-06, -5e-06, -1e-06, 0.0, 0.0],
            'n': [1, 2, 2, 3, 3, 3, 4, 4, 4, 5, 5, 5, 5]
        },
        '2s': {
            'delta': [41.7434, 35.3327, 19.4788, 51.3713, 14.2959, 7.87, 22.699, 4.8823, 3.3343, 13.3478, 2.2445, 1.4324, 0.9392],
            'coeff': [0.306025, 0.237409, -0.990557, -0.000221, -0.130816, -0.005172, -0.129732, 0.000811, -0.000327, 0.010382, 0.000125, -6.2e-05, 2.4e-05],
            'n': [1, 2, 2, 3, 3, 3, 4, 4, 4, 5, 5, 5, 5]
        },
        '3s': {
            'delta': [41.7434, 35.3327, 19.4788, 51.3713, 14.2959, 7.87, 22.699, 4.8823, 3.3343, 13.3478, 2.2445, 1.4324, 0.9392],
            'coeff': [0.127992, 0.123668, -0.522977, 0.000642, 0.132276, 0.842402, -0.178513, 0.012585, -0.001334, 0.198121, 0.000543, -0.00025, 6.9e-05],
            'n': [1, 2, 2, 3, 3, 3, 4, 4, 4, 5, 5, 5, 5]
        },
        '4s': {
            'delta': [41.7434, 35.3327, 19.4788, 51.3713, 14.2959, 7.87, 22.699, 4.8823, 3.3343, 13.3478, 2.2445, 1.4324, 0.9392],
            'coeff': [0.049152, 0.048721, -0.206092, 0.000186, 0.035236, 0.523528, -0.076873, -0.624565, -0.552565, 0.054469, -0.019527, 0.004724, 0.000858],
            'n': [1, 2, 2, 3, 3, 3, 4, 4, 4, 5, 5, 5, 5]
        },
        '5s': {
            'delta': [41.7434, 35.3327, 19.4788, 51.3713, 14.2959, 7.87, 22.699, 4.8823, 3.3343, 13.3478, 2.2445, 1.4324, 0.9392],
            'coeff': [0.012664, 0.012565, -0.053088, 2.3e-05, 0.006551, 0.151392, -0.020174, -0.211147, -0.132947, 0.009289, 0.280113, 0.569278, 0.301898],
            'n': [1, 2, 2, 3, 3, 3, 4, 4, 4, 5, 5, 5, 5]
        },
        '2p': {
            'delta': [49.4286, 19.6324],
            'coeff': [0.005451, 0.862731],
            'n': [2, 2]
        },
        '3p': {
            'delta': [40.7909, 16.1936, 9.5298, 7.051],
            'coeff': [0.001179, 0.178498, 0.004367, -0.000114],
            'n': [3, 3, 3, 3]
        },
        '4p': {
            'delta': [32.821, 4.6928, 3.113, 2.0122],
            'coeff': [-0.018878, -1.5e-05, -1.5e-05, -2e-06],
            'n': [4, 4, 4, 4]
        },
        '3d': {
            'delta': [22.1877, 12.2251, 5.7876, 3.4029],
            'coeff': [0.014904, 0.409835, 0.32795, 0.011875],
            'n': [3, 3, 3, 3]
        },
        '4d': {
            'delta': [9.3914, 2.5965, 1.6522, 1.0605],
            'coeff': [0.335209, -0.000669, 0.000234, -1.8e-05],
            'n': [4, 4, 4, 4]
        },
    },
    42: {
        '1s': {
            'delta': [42.7425, 36.2098, 19.9247, 52.4536, 14.652, 8.1505, 23.3229, 5.1157, 3.4917, 13.6857, 2.3571, 1.4897, 0.9661],
            'coeff': [0.96207, 0.043169, -0.001678, 0.005573, -0.000202, 2.9e-05, 0.000864, -7e-06, 7e-06, -3.8e-05, -2e-06, 1e-06, 0.0],
            'n': [1, 2, 2, 3, 3, 3, 4, 4, 4, 5, 5, 5, 5]
        },
        '2s': {
            'delta': [42.7425, 36.2098, 19.9247, 52.4536, 14.652, 8.1505, 23.3229, 5.1157, 3.4917, 13.6857, 2.3571, 1.4897, 0.9661],
            'coeff': [0.306935, 0.237253, -0.995992, -0.00025, -0.129301, -0.00561, -0.125168, 0.000881, -0.000347, 0.011029, 0.000128, -6e-05, 2.4e-05],
            'n': [1, 2, 2, 3, 3, 3, 4, 4, 4, 5, 5, 5, 5]
        },
        '3s': {
            'delta': [42.7425, 36.2098, 19.9247, 52.4536, 14.652, 8.1505, 23.3229, 5.1157, 3.4917, 13.6857, 2.3571, 1.4897, 0.9661],
            'coeff': [-0.129261, -0.124528, 0.529678, -0.000626, -0.130879, -0.842359, 0.176789, -0.01258, 0.001082, -0.200425, -0.000482, 0.000206, -5.7e-05],
            'n': [1, 2, 2, 3, 3, 3, 4, 4, 4, 5, 5, 5, 5]
        },
        '4s': {
            'delta': [42.7425, 36.2098, 19.9247, 52.4536, 14.652, 8.1505, 23.3229, 5.1157, 3.4917, 13.6857, 2.3571, 1.4897, 0.9661],
            'coeff': [0.050557, 0.049874, -0.212208, 0.000193, 0.028878, 0.551495, -0.076744, -0.634721, -0.553088, 0.051443, -0.019802, 0.004878, 0.001027],
            'n': [1, 2, 2, 3, 3, 3, 4, 4, 4, 5, 5, 5, 5]
        },
        '5s': {
            'delta': [42.7425, 36.2098, 19.9247, 52.4536, 14.652, 8.1505, 23.3229, 5.1157, 3.4917, 13.6857, 2.3571, 1.4897, 0.9661],
            'coeff': [0.012933, 0.01276, -0.05422, 2e-05, 0.004143, 0.160091, -0.019965, -0.214823, -0.132312, 0.007496, 0.282363, 0.568779, 0.305619],
            'n': [1, 2, 2, 3, 3, 3, 4, 4, 4, 5, 5, 5, 5]
        },
        '2p': {
            'delta': [51.2736, 20.4266],
            'coeff': [0.002347, 0.862806],
            'n': [2, 2]
        },
        '3p': {
            'delta': [42.4402, 16.8366, 9.8793, 7.3678],
            'coeff': [-0.006158, 0.19367, 0.004935, -0.000336],
            'n': [3, 3, 3, 3]
        },
        '4p': {
            'delta': [34.187, 4.9234, 3.2697, 2.1185],
            'coeff': [-0.024536, 0.0, -2.8e-05, 0.0],
            'n': [4, 4, 4, 4]
        },
        '3d': {
            'delta': [22.9005, 12.658, 6.0525, 3.5536],
            'coeff': [0.014298, 0.41059, 0.321217, 0.010376],
            'n': [3, 3, 3, 3]
        },
        '4d': {
            'delta': [9.7486, 2.7024, 1.7351, 1.1346],
            'coeff': [0.340238, -0.000597, 0.000143, -3.6e-05],
            'n': [4, 4, 4, 4]
        },
    },
    43: {
        '1s': {
            'delta': [43.7613, 37.0818, 20.5473, 53.9182, 15.1937, 8.4476, 24.0307, 5.3489, 3.6757, 14.1204, 2.4102, 1.5279, 0.9884],
            'coeff': [0.962275, 0.043292, -0.001947, 0.00531, -0.000257, 1.1e-05, 0.001012, -3e-06, 4e-06, -1.1e-05, -1e-06, 0.0, 0.0],
            'n': [1, 2, 2, 3, 3, 3, 4, 4, 4, 5, 5, 5, 5]
        },
        '2s': {
            'delta': [43.7613, 37.0818, 20.5473, 53.9182, 15.1937, 8.4476, 24.0307, 5.3489, 3.6757, 14.1204, 2.4102, 1.5279, 0.9884],
            'coeff': [0.307603, 0.239744, -0.989486, -0.00023, -0.135846, -0.005741, -0.128482, 0.000911, -0.000339, 0.010992, 0.000115, -6.1e-05, 2.1e-05],
            'n': [1, 2, 2, 3, 3, 3, 4, 4, 4, 5, 5, 5, 5]
        },
        '3s': {
            'delta': [43.7613, 37.0818, 20.5473, 53.9182, 15.1937, 8.4476, 24.0307, 5.3489, 3.6757, 14.1204, 2.4102, 1.5279, 0.9884],
            'coeff': [-0.130405, -0.126665, 0.529567, -0.000589, -0.114905, -0.852057, 0.177528, -0.013016, 0.001006, -0.20085, -0.000429, 0.000185, -6e-05],
            'n': [1, 2, 2, 3, 3, 3, 4, 4, 4, 5, 5, 5, 5]
        },
        '4s': {
            'delta': [43.7613, 37.0818, 20.5473, 53.9182, 15.1937, 8.4476, 24.0307, 5.3489, 3.6757, 14.1204, 2.4102, 1.5279, 0.9884],
            'coeff': [0.052081, 0.051665, -0.216073, 0.000189, 0.016662, 0.582808, -0.077501, -0.640499, -0.558426, 0.048669, -0.015715, 0.002098, -0.000493],
            'n': [1, 2, 2, 3, 3, 3, 4, 4, 4, 5, 5, 5, 5]
        },
        '5s': {
            'delta': [43.7613, 37.0818, 20.5473, 53.9182, 15.1937, 8.4476, 24.0307, 5.3489, 3.6757, 14.1204, 2.4102, 1.5279, 0.9884],
            'coeff': [0.013283, 0.013157, -0.054962, 2.3e-05, 0.000108, 0.170032, -0.019908, -0.220526, -0.127369, 0.006109, 0.305203, 0.560859, 0.290453],
            'n': [1, 2, 2, 3, 3, 3, 4, 4, 4, 5, 5, 5, 5]
        },
        '2p': {
            'delta': [52.9821, 21.0486],
            'coeff': [0.0015, 0.860433],
            'n': [2, 2]
        },
        '3p': {
            'delta': [43.8578, 17.3646, 10.1141, 7.6073],
            'coeff': [-0.007648, 0.198804, 0.005092, -0.000539],
            'n': [3, 3, 3, 3]
        },
        '4p': {
            'delta': [35.3274, 5.1799, 3.4522, 2.2236],
            'coeff': [-0.025053, 1.3e-05, -3.7e-05, 3e-06],
            'n': [4, 4, 4, 4]
        },
        '3d': {
            'delta': [23.5175, 13.0453, 6.2613, 3.7227],
            'coeff': [0.014099, 0.41617, 0.304613, 0.007879],
            'n': [3, 3, 3, 3]
        },
        '4d': {
            'delta': [10.0555, 2.8086, 1.8327, 1.2458],
            'coeff': [0.351461, -0.000165, 2.3e-05, 2e-06],
            'n': [4, 4, 4, 4]
        },
    },
    44: {
        '1s': {
            'delta': [44.7676, 37.9473, 21.1032, 55.1696, 15.71, 8.7353, 24.6978, 5.5734, 3.7938, 14.5125, 2.5155, 1.5531, 0.9861],
            'coeff': [0.962878, 0.042691, -0.001991, 0.005176, -0.000255, 1.4e-05, 0.00102, -3e-06, 4e-06, -1.6e-05, -1e-06, 0.0, 0.0],
            'n': [1, 2, 2, 3, 3, 3, 4, 4, 4, 5, 5, 5, 5]
        },
        '2s': {
            'delta': [44.7676, 37.9473, 21.1032, 55.1696, 15.71, 8.7353, 24.6978, 5.5734, 3.7938, 14.5125, 2.5155, 1.5531, 0.9861],
            'coeff': [0.308369, 0.241207, -0.987658, -0.000234, -0.139581, -0.005705, -0.128097, 0.000887, -0.000311, 0.01061, 0.000105, -4.8e-05, 1.9e-05],
            'n': [1, 2, 2, 3, 3, 3, 4, 4, 4, 5, 5, 5, 5]
        },
        '3s': {
            'delta': [44.7676, 37.9473, 21.1032, 55.1696, 15.71, 8.7353, 24.6978, 5.5734, 3.7938, 14.5125, 2.5155, 1.5531, 0.9861],
            'coeff': [-0.13152, -0.128366, 0.532288, -0.000565, -0.106262, -0.856572, 0.177879, -0.013147, 0.000766, -0.202916, -0.000406, 0.000156, -5e-05],
            'n': [1, 2, 2, 3, 3, 3, 4, 4, 4, 5, 5, 5, 5]
        },
        '4s': {
            'delta': [44.7676, 37.9473, 21.1032, 55.1696, 15.71, 8.7353, 24.6978, 5.5734, 3.7938, 14.5125, 2.5155, 1.5531, 0.9861],
            'coeff': [0.052994, 0.052661, -0.218427, 0.000184, 0.006347, 0.607303, -0.077079, -0.652721, -0.554377, 0.044636, -0.019362, 0.00303, 6.2e-05],
            'n': [1, 2, 2, 3, 3, 3, 4, 4, 4, 5, 5, 5, 5]
        },
        '5s': {
            'delta': [44.7676, 37.9473, 21.1032, 55.1696, 15.71, 8.7353, 24.6978, 5.5734, 3.7938, 14.5125, 2.5155, 1.5531, 0.9861],
            'coeff': [-0.012642, -0.012529, 0.051886, -1.3e-05, 0.002992, -0.167177, 0.01851, 0.210064, 0.117438, -0.003639, -0.27233, -0.562346, -0.327039],
            'n': [1, 2, 2, 3, 3, 3, 4, 4, 4, 5, 5, 5, 5]
        },
        '2p': {
            'delta': [55.3565, 21.7256],
            'coeff': [0.000623, 0.853588],
            'n': [2, 2]
        },
        '3p': {
            'delta': [45.688, 17.9535, 10.4294, 7.9116],
            'coeff': [-0.008811, 0.207881, 0.005614, -0.000815],
            'n': [3, 3, 3, 3]
        },
        '4p': {
            'delta': [36.6952, 5.4132, 3.5961, 2.3285],
            'coeff': [-0.025164, 3.2e-05, -5.2e-05, 2e-06],
            'n': [4, 4, 4, 4]
        },
        '3d': {
            'delta': [24.1687, 13.4515, 6.5053, 4.0439],
            'coeff': [0.013758, 0.419226, 0.292226, 0.007494],
            'n': [3, 3, 3, 3]
        },
        '4d': {
            'delta': [10.3841, 2.9873, 1.8815, 1.2184],
            'coeff': [0.359007, 0.000548, 8.7e-05, 6.8e-05],
            'n': [4, 4, 4, 4]
        },
    },
    45: {
        '1s': {
            'delta': [45.7788, 38.8162, 21.7902, 56.5086, 16.2941, 9.0435, 25.4412, 5.7859, 3.9281, 14.9903, 2.5691, 1.5698, 0.9897],
            'coeff': [0.9633, 0.042397, -0.002115, 0.005005, -0.000265, 1.3e-05, 0.001061, -3e-06, 4e-06, -1.5e-05, -1e-06, 0.0, 0.0],
            'n': [1, 2, 2, 3, 3, 3, 4, 4, 4, 5, 5, 5, 5]
        },
        '2s': {
            'delta': [45.7788, 38.8162, 21.7902, 56.5086, 16.2941, 9.0435, 25.4412, 5.7859, 3.9281, 14.9903, 2.5691, 1.5698, 0.9897],
            'coeff': [0.309058, 0.244158, -0.977603, -0.000199, -0.148954, -0.00583, -0.133289, 0.000908, -0.000309, 0.010662, 0.000101, -4.8e-05, 1.8e-05],
            'n': [1, 2, 2, 3, 3, 3, 4, 4, 4, 5, 5, 5, 5]
        },
        '3s': {
            'delta': [45.7788, 38.8162, 21.7902, 56.5086, 16.2941, 9.0435, 25.4412, 5.7859, 3.9281, 14.9903, 2.5691, 1.5698, 0.9897],
            'coeff': [-0.13258, -0.130512, 0.528972, -0.000533, -0.082985, -0.872709, 0.177565, -0.013738, 0.000731, -0.199602, -0.000395, 0.000151, -5.1e-05],
            'n': [1, 2, 2, 3, 3, 3, 4, 4, 4, 5, 5, 5, 5]
        },
        '4s': {
            'delta': [45.7788, 38.8162, 21.7902, 56.5086, 16.2941, 9.0435, 25.4412, 5.7859, 3.9281, 14.9903, 2.5691, 1.5698, 0.9897],
            'coeff': [0.054073, 0.054017, -0.21898, 0.000178, -0.009239, 0.633984, -0.076562, -0.66508, -0.550367, 0.040465, -0.018196, 0.002464, -0.000258],
            'n': [1, 2, 2, 3, 3, 3, 4, 4, 4, 5, 5, 5, 5]
        },
        '5s': {
            'delta': [45.7788, 38.8162, 21.7902, 56.5086, 16.2941, 9.0435, 25.4412, 5.7859, 3.9281, 14.9903, 2.5691, 1.5698, 0.9897],
            'coeff': [-0.012384, -0.01232, 0.049849, -4e-06, 0.007077, -0.168794, 0.017614, 0.207481, 0.107292, -0.001585, -0.271487, -0.559488, -0.331979],
            'n': [1, 2, 2, 3, 3, 3, 4, 4, 4, 5, 5, 5, 5]
        },
        '2p': {
            'delta': [57.1592, 22.3381],
            'coeff': [0.000108, 0.850632],
            'n': [2, 2]
        },
        '3p': {
            'delta': [47.1396, 18.4771, 10.6701, 8.1551],
            'coeff': [-0.009588, 0.212153, 0.005752, -0.001016],
            'n': [3, 3, 3, 3]
        },
        '4p': {
            'delta': [37.8449, 5.6674, 3.7624, 2.4396],
            'coeff': [-0.025177, 4.2e-05, -6.1e-05, 3e-06],
            'n': [4, 4, 4, 4]
        },
        '3d': {
            'delta': [24.9328, 13.9092, 6.791, 4.3808],
            'coeff': [0.013008, 0.41696, 0.290073, 0.008045],
            'n': [3, 3, 3, 3]
        },
        '4d': {
            'delta': [10.7708, 3.222, 2.0251, 1.2974],
            'coeff': [0.361199, 0.00088, 0.000162, 9.8e-05],
            'n': [4, 4, 4, 4]
        },
    },
    46: {
        '1s': {
            'delta': [46.7974, 39.7609, 22.2661, 57.8248, 17.1695, 10.4876, 7.6059, 26.2283, 7.0968, 4.6932, 3.1874],
            'coeff': [0.963477, 0.042281, -0.002125, 0.004837, -0.000218, -7.6e-05, 7.4e-05, 0.00106, -3.6e-05, 1e-05, -2e-06],
            'n': [1, 2, 2, 3, 3, 3, 3, 4, 4, 4, 4]
        },
        '2s': {
            'delta': [46.7974, 39.7609, 22.2661, 57.8248, 17.1695, 10.4876, 7.6059, 26.2283, 7.0968, 4.6932, 3.1874],
            'coeff': [-0.309644, -0.241461, 0.972158, 0.00019, 0.166151, -0.01515, 0.012539, 0.120928, -0.005154, 0.000654, -0.000147],
            'n': [1, 2, 2, 3, 3, 3, 3, 4, 4, 4, 4]
        },
        '3s': {
            'delta': [46.7974, 39.7609, 22.2661, 57.8248, 17.1695, 10.4876, 7.6059, 26.2283, 7.0968, 4.6932, 3.1874],
            'coeff': [-0.13355, -0.123434, 0.501753, -0.000331, 0.17411, -1.041445, -0.215033, 0.128957, 0.010786, -0.002595, -0.000254],
            'n': [1, 2, 2, 3, 3, 3, 3, 4, 4, 4, 4]
        },
        '4s': {
            'delta': [46.7974, 39.7609, 22.2661, 57.8248, 17.1695, 10.4876, 7.6059, 26.2283, 7.0968, 4.6932, 3.1874],
            'coeff': [-0.054815, -0.052756, 0.214648, -6.9e-05, 0.063272, -0.323329, -0.632043, 0.065935, 0.630734, 0.712527, 0.151216],
            'n': [1, 2, 2, 3, 3, 3, 3, 4, 4, 4, 4]
        },
        '2p': {
            'delta': [58.8127, 23.0155],
            'coeff': [-0.000956, 0.848032],
            'n': [2, 2]
        },
        '3p': {
            'delta': [48.5886, 19.038, 10.9139, 8.3975],
            'coeff': [-0.011945, 0.219542, 0.006054, -0.001285],
            'n': [3, 3, 3, 3]
        },
        '4p': {
            'delta': [39.0467, 5.9151, 3.912, 2.5168],
            'coeff': [-0.026699, 6e-05, -7.3e-05, 1e-06],
            'n': [4, 4, 4, 4]
        },
        '3d': {
            'delta': [25.6291, 14.3366, 7.0434, 4.7075],
            'coeff': [0.012542, 0.417949, 0.282174, 0.007467],
            'n': [3, 3, 3, 3]
        },
        '4d': {
            'delta': [11.1238, 3.3993, 2.0532, 1.2286],
            'coeff': [0.367116, 0.000776, -9.9e-05, 3e-05],
            'n': [4, 4, 4, 4]
        },
    },
    47: {
        '1s': {
            'delta': [47.8514, 40.9787, 22.0035, 59.2334, 14.2658, 9.8321, 26.8874, 6.1462, 4.1628, 12.0237, 2.6653, 1.6001, 0.9964],
            'coeff': [0.962576, 0.043178, -0.001792, 0.004598, -9.5e-05, -6.4e-05, 0.000892, -5e-06, 5e-06, 4.7e-05, -2e-06, 0.0, 0.0],
            'n': [1, 2, 2, 3, 3, 3, 4, 4, 4, 5, 5, 5, 5]
        },
        '2s': {
            'delta': [47.8514, 40.9787, 22.0035, 59.2334, 14.2658, 9.8321, 26.8874, 6.1462, 4.1628, 12.0237, 2.6653, 1.6001, 0.9964],
            'coeff': [0.309871, 0.228566, -1.017441, 7.7e-05, -0.229517, 0.207153, -0.105288, -0.001975, 0.000556, -0.097011, -0.000103, 4.5e-05, -1.5e-05],
            'n': [1, 2, 2, 3, 3, 3, 4, 4, 4, 5, 5, 5, 5]
        },
        '3s': {
            'delta': [47.8514, 40.9787, 22.0035, 59.2334, 14.2658, 9.8321, 26.8874, 6.1462, 4.1628, 12.0237, 2.6653, 1.6001, 0.9964],
            'coeff': [-0.134351, -0.118518, 0.53335, -0.000484, 0.24047, -1.582931, 0.12892, -0.011704, 3.5e-05, 0.272133, -0.000238, 8.9e-05, -2.7e-05],
            'n': [1, 2, 2, 3, 3, 3, 4, 4, 4, 5, 5, 5, 5]
        },
        '4s': {
            'delta': [47.8514, 40.9787, 22.0035, 59.2334, 14.2658, 9.8321, 26.8874, 6.1462, 4.1628, 12.0237, 2.6653, 1.6001, 0.9964],
            'coeff': [0.055923, 0.051198, -0.230754, 0.00019, -0.109861, 0.833102, -0.065026, -0.694923, -0.526878, -0.057381, -0.01523, 0.001617, -0.000589],
            'n': [1, 2, 2, 3, 3, 3, 4, 4, 4, 5, 5, 5, 5]
        },
        '5s': {
            'delta': [47.8514, 40.9787, 22.0035, 59.2334, 14.2658, 9.8321, 26.8874, 6.1462, 4.1628, 12.0237, 2.6653, 1.6001, 0.9964],
            'coeff': [0.011744, 0.010877, -0.048947, 2e-06, -0.017119, 0.170582, -0.01495, -0.200263, -0.085225, 0.000512, 0.266367, 0.554588, 0.343864],
            'n': [1, 2, 2, 3, 3, 3, 4, 4, 4, 5, 5, 5, 5]
        },
        '2p': {
            'delta': [59.6755, 23.4442],
            'coeff': [-0.000486, 0.852285],
            'n': [2, 2]
        },
        '3p': {
            'delta': [49.2846, 19.4073, 11.1133, 8.5884],
            'coeff': [-0.010777, 0.212194, 0.005206, -0.001057],
            'n': [3, 3, 3, 3]
        },
        '4p': {
            'delta': [39.6983, 6.1921, 4.098, 2.6664],
            'coeff': [-0.025296, 4e-06, -5.6e-05, -2e-06],
            'n': [4, 4, 4, 4]
        },
        '3d': {
            'delta': [26.532, 14.8584, 7.4089, 5.0317],
            'coeff': [0.011443, 0.408967, 0.293527, 0.010359],
            'n': [3, 3, 3, 3]
        },
        '4d': {
            'delta': [11.5827, 3.6742, 2.3057, 1.4594],
            'coeff': [0.360675, 0.000592, -4.3e-05, 1.3e-05],
            'n': [4, 4, 4, 4]
        },
    },
    48: {
        '1s': {
            'delta': [48.8593, 41.8698, 22.479, 60.488, 14.3001, 10.1202, 27.5563, 6.4013, 4.3771, 12.3302, 2.8247, 1.7468, 1.0996],
            'coeff': [-0.963076, -0.042646, 0.001795, -0.004491, 5.7e-05, 0.000109, -0.000878, 7e-06, -6e-06, -7.2e-05, 2e-06, -1e-06, 0.0],
            'n': [1, 2, 2, 3, 3, 3, 4, 4, 4, 5, 5, 5, 5]
        },
        '2s': {
            'delta': [48.8593, 41.8698, 22.479, 60.488, 14.3001, 10.1202, 27.5563, 6.4013, 4.3771, 12.3302, 2.8247, 1.7468, 1.0996],
            'coeff': [0.310527, 0.228857, -1.019867, 7.6e-05, -0.259887, 0.254786, -0.10381, -0.002567, 0.000722, -0.114971, -0.000139, 6.2e-05, -2e-05],
            'n': [1, 2, 2, 3, 3, 3, 4, 4, 4, 5, 5, 5, 5]
        },
        '3s': {
            'delta': [48.8593, 41.8698, 22.479, 60.488, 14.3001, 10.1202, 27.5563, 6.4013, 4.3771, 12.3302, 2.8247, 1.7468, 1.0996],
            'coeff': [-0.135316, -0.119308, 0.537403, -0.000469, 0.288963, -1.653006, 0.128363, -0.011693, -9.7e-05, 0.29633, -0.000218, 8.1e-05, -2.6e-05],
            'n': [1, 2, 2, 3, 3, 3, 4, 4, 4, 5, 5, 5, 5]
        },
        '4s': {
            'delta': [48.8593, 41.8698, 22.479, 60.488, 14.3001, 10.1202, 27.5563, 6.4013, 4.3771, 12.3302, 2.8247, 1.7468, 1.0996],
            'coeff': [0.057161, 0.052306, -0.235995, 0.000199, -0.139049, 0.889261, -0.065501, -0.685578, -0.544565, -0.068777, 0.014236, 0.001843, -0.000446],
            'n': [1, 2, 2, 3, 3, 3, 4, 4, 4, 5, 5, 5, 5]
        },
        '5s': {
            'delta': [48.8593, 41.8698, 22.479, 60.488, 14.3001, 10.1202, 27.5563, 6.4013, 4.3771, 12.3302, 2.8247, 1.7468, 1.0996],
            'coeff': [0.013586, 0.012564, -0.056626, 1.6e-05, -0.02741, 0.209002, -0.016811, -0.225422, -0.106966, -0.003003, 0.305107, 0.559228, 0.299847],
            'n': [1, 2, 2, 3, 3, 3, 4, 4, 4, 5, 5, 5, 5]
        },
        '2p': {
            'delta': [61.2693, 24.3867],
            'coeff': [-0.003491, 0.846774],
            'n': [2, 2]
        },
        '3p': {
            'delta': [51.0214, 20.1418, 11.4415, 8.8868],
            'coeff': [-0.017899, 0.233029, 0.006386, -0.001657],
            'n': [3, 3, 3, 3]
        },
        '4p': {
            'delta': [41.2731, 6.443, 4.2737, 2.7729],
            'coeff': [-0.031025, 8.3e-05, -8.8e-05, 6e-06],
            'n': [4, 4, 4, 4]
        },
        '3d': {
            'delta': [27.1187, 15.2353, 7.5671, 5.7574],
            'coeff': [0.011362, 0.415382, 0.273191, 0.008574],
            'n': [3, 3, 3, 3]
        },
        '4d': {
            'delta': [11.8823, 4.0763, 2.6003, 1.6781],
            'coeff': [0.374807, 0.001446, -0.000168, 3.5e-05],
            'n': [4, 4, 4, 4]
        },
    },
    49: {
        '1s': {
            'delta': [49.8562, 42.7396, 23.3252, 61.5834, 15.4101, 10.5039, 28.3599, 6.6346, 4.5945, 12.88, 2.9947, 1.9172, 1.2425],
            'coeff': [-0.963874, -0.041635, 0.001644, -0.004461, -0.000167, 0.000414, -0.000714, 8e-06, -8e-06, -0.000229, 3e-06, -2e-06, 0.0],
            'n': [1, 2, 2, 3, 3, 3, 4, 4, 4, 5, 5, 5, 5]
        },
        '2s': {
            'delta': [49.8562, 42.7396, 23.3252, 61.5834, 15.4101, 10.5039, 28.3599, 6.6346, 4.5945, 12.88, 2.9947, 1.9172, 1.2425],
            'coeff': [0.311262, 0.232797, -0.99825, 0.000146, -0.24635, 0.211167, -0.116182, -0.002366, 0.000716, -0.10006, -0.000144, 6.7e-05, -2.1e-05],
            'n': [1, 2, 2, 3, 3, 3, 4, 4, 4, 5, 5, 5, 5]
        },
        '3s': {
            'delta': [49.8562, 42.7396, 23.3252, 61.5834, 15.4101, 10.5039, 28.3599, 6.6346, 4.5945, 12.88, 2.9947, 1.9172, 1.2425],
            'coeff': [-0.136287, -0.121521, 0.526341, -0.000472, 0.292647, -1.611645, 0.130254, -0.014751, 0.00066, 0.265628, -0.000375, 0.000169, -5.1e-05],
            'n': [1, 2, 2, 3, 3, 3, 4, 4, 4, 5, 5, 5, 5]
        },
        '4s': {
            'delta': [49.8562, 42.7396, 23.3252, 61.5834, 15.4101, 10.5039, 28.3599, 6.6346, 4.5945, 12.88, 2.9947, 1.9172, 1.2425],
            'coeff': [0.05838, 0.054098, -0.234633, 0.000173, -0.13602, 0.868222, -0.067856, -0.67216, -0.559666, -0.043432, -0.013547, 0.001819, -0.000457],
            'n': [1, 2, 2, 3, 3, 3, 4, 4, 4, 5, 5, 5, 5]
        },
        '5s': {
            'delta': [49.8562, 42.7396, 23.3252, 61.5834, 15.4101, 10.5039, 28.3599, 6.6346, 4.5945, 12.88, 2.9947, 1.9172, 1.2425],
            'coeff': [0.015733, 0.014736, -0.063871, 1.9e-05, -0.032213, 0.234704, -0.019619, -0.251912, -0.133245, 0.002168, 0.34364, 0.566475, 0.246558],
            'n': [1, 2, 2, 3, 3, 3, 4, 4, 4, 5, 5, 5, 5]
        },
        '2p': {
            'delta': [50.3601, 19.8835],
            'coeff': [0.06993, 0.71431],
            'n': [2, 2]
        },
        '3p': {
            'delta': [42.1272, 12.3717, 8.9588],
            'coeff': [0.149803, 0.001067, 0.000149],
            'n': [3, 3, 3]
        },
        '4p': {
            'delta': [34.7384, 6.0595, 4.0228],
            'coeff': [0.105796, -0.000141, -1e-05],
            'n': [4, 4, 4]
        },
        '5p': {
            'delta': [18.7753, 2.52, 1.5365, 0.9534],
            'coeff': [0.006026, -5e-06, 2e-06, 0.0],
            'n': [5, 5, 5, 5]
        },
        '3d': {
            'delta': [27.929, 15.771, 8.4278, 7.3906],
            'coeff': [0.010541, 0.402123, 0.174209, 0.13545],
            'n': [3, 3, 3, 3]
        },
        '4d': {
            'delta': [12.3645, 4.7206, 3.0048, 1.9243],
            'coeff': [0.357445, 0.00212, -9.1e-05, 7e-06],
            'n': [4, 4, 4, 4]
        },
    },
    50: {
        '1s': {
            'delta': [50.8848, 43.6518, 23.76, 63.1844, 15.3, 10.7843, 29.0062, 6.9275, 4.8462, 13.1566, 3.171, 2.0784, 1.3745],
            'coeff': [-0.963742, -0.042158, 0.001971, -0.004214, 7.6e-05, 9.2e-05, -0.000941, 8e-06, -7e-06, -6.4e-05, 3e-06, -2e-06, 0.0],
            'n': [1, 2, 2, 3, 3, 3, 4, 4, 4, 5, 5, 5, 5]
        },
        '2s': {
            'delta': [50.8848, 43.6518, 23.76, 63.1844, 15.3, 10.7843, 29.0062, 6.9275, 4.8462, 13.1566, 3.171, 2.0784, 1.3745],
            'coeff': [0.311679, 0.232593, -1.003187, 0.000149, -0.281509, 0.270107, -0.113792, -0.003118, 0.000912, -0.122197, -0.000182, 8.6e-05, -2.7e-05],
            'n': [1, 2, 2, 3, 3, 3, 4, 4, 4, 5, 5, 5, 5]
        },
        '3s': {
            'delta': [50.8848, 43.6518, 23.76, 63.1844, 15.3, 10.7843, 29.0062, 6.9275, 4.8462, 13.1566, 3.171, 2.0784, 1.3745],
            'coeff': [-0.137098, -0.122055, 0.531834, -0.000468, 0.349803, -1.701531, 0.130124, -0.014337, 0.000313, 0.299228, -0.000288, 0.000144, -3.9e-05],
            'n': [1, 2, 2, 3, 3, 3, 4, 4, 4, 5, 5, 5, 5]
        },
        '4s': {
            'delta': [50.8848, 43.6518, 23.76, 63.1844, 15.3, 10.7843, 29.0062, 6.9275, 4.8462, 13.1566, 3.171, 2.0784, 1.3745],
            'coeff': [0.059535, 0.05509, -0.240399, 0.000181, -0.169197, 0.933273, -0.068648, -0.648826, -0.591938, -0.057389, -0.014377, 0.002015, -0.000545],
            'n': [1, 2, 2, 3, 3, 3, 4, 4, 4, 5, 5, 5, 5]
        },
        '5s': {
            'delta': [50.8848, 43.6518, 23.76, 63.1844, 15.3, 10.7843, 29.0062, 6.9275, 4.8462, 13.1566, 3.171, 2.0784, 1.3745],
            'coeff': [0.017407, 0.01626, -0.070946, 3.8e-05, -0.046567, 0.277739, -0.021206, -0.265073, -0.165573, -0.003124, 0.37134, 0.56227, 0.222868],
            'n': [1, 2, 2, 3, 3, 3, 4, 4, 4, 5, 5, 5, 5]
        },
        '2p': {
            'delta': [52.0165, 20.4432],
            'coeff': [0.065285, 0.731458],
            'n': [2, 2]
        },
        '3p': {
            'delta': [43.4868, 12.6049, 9.1725],
            'coeff': [0.140962, 0.000357, 0.000268],
            'n': [3, 3, 3]
        },
        '4p': {
            'delta': [35.8464, 6.3115, 4.256],
            'coeff': [0.100039, -0.000171, -2e-06],
            'n': [4, 4, 4]
        },
        '5p': {
            'delta': [19.3198, 2.7011, 1.7056, 1.0938],
            'coeff': [0.006952, -7e-06, 4e-06, -1e-06],
            'n': [5, 5, 5, 5]
        },
        '3d': {
            'delta': [28.8714, 16.3132, 8.8904, 7.6656],
            'coeff': [0.009551, 0.391196, 0.185799, 0.143279],
            'n': [3, 3, 3, 3]
        },
        '4d': {
            'delta': [12.839, 4.9306, 3.1899],
            'coeff': [0.347738, 0.002084, -0.000128],
            'n': [4, 4, 4]
        },
    },
    51: {
        '1s': {
            'delta': [51.8877, 44.5213, 24.46, 64.3876, 16.01, 11.1348, 29.7459, 7.1903, 5.092, 13.6191, 3.3489, 2.2326, 1.5001],
            'coeff': [-0.96433, -0.041502, 0.001952, -0.004143, -1.7e-05, 0.000222, -0.000889, 9e-06, -9e-06, -0.000129, 3e-06, -2e-06, 0.0],
            'n': [1, 2, 2, 3, 3, 3, 4, 4, 4, 5, 5, 5, 5]
        },
        '2s': {
            'delta': [51.8877, 44.5213, 24.46, 64.3876, 16.01, 11.1348, 29.7459, 7.1903, 5.092, 13.6191, 3.3489, 2.2326, 1.5001],
            'coeff': [0.312314, 0.235156, -0.992428, 0.00016, -0.280646, 0.256053, -0.119544, -0.00321, 0.000969, -0.117797, -0.000192, 9.2e-05, -2.8e-05],
            'n': [1, 2, 2, 3, 3, 3, 4, 4, 4, 5, 5, 5, 5]
        },
        '3s': {
            'delta': [51.8877, 44.5213, 24.46, 64.3876, 16.01, 11.1348, 29.7459, 7.1903, 5.092, 13.6191, 3.3489, 2.2326, 1.5001],
            'coeff': [-0.137982, -0.123689, 0.52716, -0.000461, 0.361794, -1.690278, 0.130614, -0.016561, 0.000808, 0.285046, -0.000364, 0.0002, -5.2e-05],
            'n': [1, 2, 2, 3, 3, 3, 4, 4, 4, 5, 5, 5, 5]
        },
        '4s': {
            'delta': [51.8877, 44.5213, 24.46, 64.3876, 16.01, 11.1348, 29.7459, 7.1903, 5.092, 13.6191, 3.3489, 2.2326, 1.5001],
            'coeff': [0.060711, 0.056632, -0.241679, 0.000161, -0.17301, 0.93223, -0.070282, -0.626505, -0.617304, -0.041765, -0.015234, 0.002101, -0.000613],
            'n': [1, 2, 2, 3, 3, 3, 4, 4, 4, 5, 5, 5, 5]
        },
        '5s': {
            'delta': [51.8877, 44.5213, 24.46, 64.3876, 16.01, 11.1348, 29.7459, 7.1903, 5.092, 13.6191, 3.3489, 2.2326, 1.5001],
            'coeff': [-0.018852, -0.017743, 0.075737, -4.6e-05, 0.052605, -0.298252, 0.022826, 0.272024, 0.1959, -0.000107, -0.393283, -0.556743, -0.209339],
            'n': [1, 2, 2, 3, 3, 3, 4, 4, 4, 5, 5, 5, 5]
        },
        '2p': {
            'delta': [53.7047, 20.9836],
            'coeff': [0.061335, 0.744974],
            'n': [2, 2]
        },
        '3p': {
            'delta': [44.8533, 12.8322, 9.3659],
            'coeff': [0.133912, 2.3e-05, 0.000314],
            'n': [3, 3, 3]
        },
        '4p': {
            'delta': [36.9427, 6.5539, 4.487],
            'coeff': [0.095844, -0.000192, 4e-06],
            'n': [4, 4, 4]
        },
        '5p': {
            'delta': [19.8592, 2.8844, 1.864, 1.2205],
            'coeff': [0.007501, -9e-06, 5e-06, -1e-06],
            'n': [5, 5, 5, 5]
        },
        '3d': {
            'delta': [18.7549, 11.7256, 8.1288],
            'coeff': [0.178452, 0.720283, 0.234244],
            'n': [3, 3, 3]
        },
        '4d': {
            'delta': [25.4647, 14.9735, 5.6954, 3.7082, 2.3636],
            'coeff': [-0.018179, -0.066416, 0.00138, 0.000355, -0.000101],
            'n': [4, 4, 4, 4, 4]
        },
    },
    52: {
        '1s': {
            'delta': [52.8991, 45.4465, 24.86, 65.6488, 16.04, 11.4242, 30.4485, 7.4618, 5.3315, 13.9235, 3.4919, 2.3444, 1.5918],
            'coeff': [-0.964664, -0.041115, 0.001902, -0.004049, -0.000139, 0.000378, -0.000844, 1.1e-05, -1.1e-05, -0.000205, 4e-06, -2e-06, 0.0],
            'n': [1, 2, 2, 3, 3, 3, 4, 4, 4, 5, 5, 5, 5]
        },
        '2s': {
            'delta': [52.8991, 45.4465, 24.86, 65.6488, 16.04, 11.4242, 30.4485, 7.4618, 5.3315, 13.9235, 3.4919, 2.3444, 1.5918],
            'coeff': [0.312852, 0.233815, -0.997672, 0.000167, -0.310341, 0.304298, -0.114638, -0.003957, 0.001178, -0.135154, -0.000228, 0.000111, -3.4e-05],
            'n': [1, 2, 2, 3, 3, 3, 4, 4, 4, 5, 5, 5, 5]
        },
        '3s': {
            'delta': [52.8991, 45.4465, 24.86, 65.6488, 16.04, 11.4242, 30.4485, 7.4618, 5.3315, 13.9235, 3.4919, 2.3444, 1.5918],
            'coeff': [-0.138803, -0.1235, 0.532103, -0.000437, 0.420965, -1.778781, 0.12801, -0.016045, 0.000516, 0.316904, -0.000262, 0.000169, -4e-05],
            'n': [1, 2, 2, 3, 3, 3, 4, 4, 4, 5, 5, 5, 5]
        },
        '4s': {
            'delta': [52.8991, 45.4465, 24.86, 65.6488, 16.04, 11.4242, 30.4485, 7.4618, 5.3315, 13.9235, 3.4919, 2.3444, 1.5918],
            'coeff': [0.061845, 0.057243, -0.246978, 0.000163, -0.210337, 1.000308, -0.069568, -0.610764, -0.641036, -0.058386, -0.015384, 0.002097, -0.000673],
            'n': [1, 2, 2, 3, 3, 3, 4, 4, 4, 5, 5, 5, 5]
        },
        '5s': {
            'delta': [52.8991, 45.4465, 24.86, 65.6488, 16.04, 11.4242, 30.4485, 7.4618, 5.3315, 13.9235, 3.4919, 2.3444, 1.5918],
            'coeff': [0.020204, 0.018858, -0.081399, 5.5e-05, -0.069302, 0.339745, -0.023624, -0.280046, -0.223822, -0.006221, 0.433791, 0.54998, 0.179374],
            'n': [1, 2, 2, 3, 3, 3, 4, 4, 4, 5, 5, 5, 5]
        },
        '2p': {
            'delta': [55.4092, 21.5212],
            'coeff': [0.057722, 0.757303],
            'n': [2, 2]
        },
        '3p': {
            'delta': [46.2296, 13.0584, 9.5469],
            'coeff': [0.127432, -0.000208, 0.000342],
            'n': [3, 3, 3]
        },
        '4p': {
            'delta': [38.0429, 6.7573, 4.6933],
            'coeff': [0.092022, -0.00021, 1.1e-05],
            'n': [4, 4, 4]
        },
        '5p': {
            'delta': [20.4079, 3.0444, 1.9579, 1.2735],
            'coeff': [0.007976, -9e-06, 5e-06, -1e-06],
            'n': [5, 5, 5, 5]
        },
        '3d': {
            'delta': [19.1502, 11.9116, 8.2893],
            'coeff': [0.189945, 0.696808, 0.217717],
            'n': [3, 3, 3]
        },
        '4d': {
            'delta': [26.1132, 15.2954, 5.8285, 3.8606, 2.4677],
            'coeff': [-0.017243, -0.037499, 0.000343, 0.000478, -0.000134],
            'n': [4, 4, 4, 4, 4]
        },
    },
    53: {
        '1s': {
            'delta': [53.9232, 46.3778, 25.32, 67.136, 16.53, 11.743, 31.1982, 7.7564, 5.5959, 14.3135, 3.6876, 2.5058, 1.7111],
            'coeff': [-0.964645, -0.04135, 0.002077, -0.003875, -6.3e-05, 0.000273, -0.00095, 1.1e-05, -1e-05, -0.000153, 4e-06, -2e-06, 0.0],
            'n': [1, 2, 2, 3, 3, 3, 4, 4, 4, 5, 5, 5, 5]
        },
        '2s': {
            'delta': [53.9232, 46.3778, 25.32, 67.136, 16.53, 11.743, 31.1982, 7.7564, 5.5959, 14.3135, 3.6876, 2.5058, 1.7111],
            'coeff': [0.313262, 0.233029, -0.998597, 0.000169, -0.304908, 0.292959, -0.111008, -0.003955, 0.001165, -0.130049, -0.000215, 0.000101, -3e-05],
            'n': [1, 2, 2, 3, 3, 3, 4, 4, 4, 5, 5, 5, 5]
        },
        '3s': {
            'delta': [53.9232, 46.3778, 25.32, 67.136, 16.53, 11.743, 31.1982, 7.7564, 5.5959, 14.3135, 3.6876, 2.5058, 1.7111],
            'coeff': [0.139548, 0.123356, -0.533745, 0.000411, -0.43654, 1.788202, -0.124327, 0.017184, -0.000621, -0.315258, 0.000244, -0.000177, 3.7e-05],
            'n': [1, 2, 2, 3, 3, 3, 4, 4, 4, 5, 5, 5, 5]
        },
        '4s': {
            'delta': [53.9232, 46.3778, 25.32, 67.136, 16.53, 11.743, 31.1982, 7.7564, 5.5959, 14.3135, 3.6876, 2.5058, 1.7111],
            'coeff': [0.062924, 0.057894, -0.250833, 0.00014, -0.219917, 1.016648, -0.068867, -0.58129, -0.675335, -0.051735, -0.017394, 0.002308, -0.000779],
            'n': [1, 2, 2, 3, 3, 3, 4, 4, 4, 5, 5, 5, 5]
        },
        '5s': {
            'delta': [53.9232, 46.3778, 25.32, 67.136, 16.53, 11.743, 31.1982, 7.7564, 5.5959, 14.3135, 3.6876, 2.5058, 1.7111],
            'coeff': [0.021403, 0.019834, -0.086007, 6.5e-05, -0.078592, 0.365055, -0.024011, -0.275646, -0.261359, -0.006855, 0.442124, 0.549606, 0.178244],
            'n': [1, 2, 2, 3, 3, 3, 4, 4, 4, 5, 5, 5, 5]
        },
        '2p': {
            'delta': [57.1079, 22.0921],
            'coeff': [0.05373, 0.773329],
            'n': [2, 2]
        },
        '3p': {
            'delta': [47.6375, 13.2707, 9.7063],
            'coeff': [0.119094, -0.000909, 0.000538],
            'n': [3, 3, 3]
        },
        '4p': {
            'delta': [39.2034, 6.9871, 4.9206],
            'coeff': [0.086139, -0.000264, 3.1e-05],
            'n': [4, 4, 4]
        },
        '5p': {
            'delta': [20.9853, 3.2522, 2.1021, 1.3652],
            'coeff': [0.008997, -1.3e-05, 8e-06, -2e-06],
            'n': [5, 5, 5, 5]
        },
        '3d': {
            'delta': [19.5616, 12.0593, 8.4937],
            'coeff': [0.206457, 0.645959, 0.205748],
            'n': [3, 3, 3]
        },
        '4d': {
            'delta': [26.9243, 15.6155, 5.9399, 3.9812, 2.5304],
            'coeff': [-0.015706, 0.009349, 1.1e-05, 0.000439, -0.000133],
            'n': [4, 4, 4, 4, 4]
        },
    },
